-848.87 -848.87 
-845.87 -845.87 -845.83 -845.76 -845.72 
-841.49 -841.49 -841.47 -841.45 -841.46 -841.43 -841.42 
-837.30 -837.30 -837.29 -837.28 -837.28 -837.28 -837.29 -837.28 -837.26 
-830.16 -830.16 -830.15 -830.15 -830.15 -830.15 -830.15 -830.16 -830.17 -830.15 -830.14 
-824.83 -824.83 -823.06 -823.06 -823.06 -823.06 -823.06 -823.07 -823.07 -823.08 -823.09 -823.08 -823.06 
-821.08 -821.08 -815.95 -815.95 -815.95 -815.95 -815.95 -815.96 -815.97 -815.97 -815.98 -815.98 -816.00 -815.99 -815.98 
-813.39 -813.39 -807.86 -807.86 -807.86 -807.86 -807.87 -807.87 -807.87 -807.88 -807.89 -807.89 -807.90 -807.91 -807.92 -807.92 -807.91 
-804.25 -804.25 -798.80 -798.80 -798.80 -798.80 -798.80 -798.80 -798.81 -798.81 -798.82 -798.82 -798.83 -798.84 -798.85 -798.85 -798.84 -798.84 
-794.44 -794.44 -789.89 -789.72 -789.72 -789.72 -789.73 -789.73 -789.73 -789.74 -789.74 -789.75 -789.75 -789.76 -789.77 -789.78 -789.78 -789.78 -789.78 
-784.07 -784.07 -779.98 -779.67 -779.67 -779.67 -779.67 -779.67 -779.68 -779.68 -779.68 -779.69 -779.70 -779.70 -779.71 -779.72 -779.73 -779.73 -779.76 -779.76 -779.76 
-773.11 -773.11 -770.12 -769.61 -769.61 -769.61 -769.61 -769.61 -769.62 -769.62 -769.63 -769.63 -769.64 -769.64 -769.65 -769.66 -769.66 -769.67 -769.68 -769.69 -769.68 -769.67 
-763.64 -763.64 -762.10 -759.56 -759.55 -759.56 -759.55 -759.56 -759.56 -759.56 -759.56 -759.57 -759.57 -759.58 -759.59 -759.60 -759.60 -759.61 -759.62 -759.63 -759.64 -759.63 -759.63 
-753.57 -753.57 -751.67 -749.52 -749.52 -749.51 -749.51 -749.52 -749.52 -749.52 -749.52 -749.53 -749.53 -749.54 -749.55 -749.55 -749.56 -749.57 -749.58 -749.58 -749.59 -749.60 -749.61 -749.62 
-743.21 -743.21 -741.58 -739.47 -739.46 -739.46 -739.46 -739.46 -739.46 -739.46 -739.47 -739.47 -739.48 -739.48 -739.49 -739.50 -739.50 -739.51 -739.52 -739.53 -739.54 -739.55 -739.55 -739.57 -739.57 
-731.96 -731.96 -730.54 -728.43 -728.43 -728.43 -728.43 -728.43 -728.43 -728.43 -728.43 -728.44 -728.44 -728.45 -728.45 -728.46 -728.47 -728.47 -728.48 -728.49 -728.50 -728.51 -728.51 -728.52 -728.53 -728.54 
-720.66 -720.66 -719.44 -717.38 -717.38 -717.38 -717.37 -717.37 -717.38 -717.38 -717.38 -717.38 -717.39 -717.40 -717.40 -717.41 -717.41 -717.42 -717.43 -717.43 -717.45 -717.45 -717.46 -717.47 -717.48 -717.49 -717.51 
-709.36 -709.36 -708.32 -706.33 -706.33 -706.33 -706.33 -706.33 -706.33 -706.33 -706.33 -706.34 -706.34 -706.34 -706.35 -706.36 -706.36 -706.37 -706.38 -706.39 -706.40 -706.40 -706.41 -706.42 -706.43 -706.44 -706.46 -706.42 
-698.20 -698.20 -697.28 -695.31 -695.30 -695.30 -695.30 -695.30 -695.30 -695.30 -695.30 -695.31 -695.31 -695.31 -695.32 -695.32 -695.33 -695.33 -695.35 -695.35 -695.36 -695.37 -695.37 -695.39 -695.39 -695.40 -695.37 -695.39 
-686.91 -686.91 -686.13 -684.25 -684.25 -684.25 -684.25 -684.25 -684.25 -684.25 -684.25 -684.25 -684.26 -684.26 -684.27 -684.27 -684.28 -684.29 -684.29 -684.30 -684.31 -684.32 -684.32 -684.33 -684.34 -684.35 -684.36 -684.39 -684.41 
-675.78 -675.78 -675.08 -673.23 -673.23 -673.23 -673.23 -673.23 -673.23 -673.23 -673.23 -673.23 -673.24 -673.24 -673.24 -673.25 -673.26 -673.26 -673.27 -673.28 -673.28 -673.29 -673.30 -673.30 -673.31 -673.32 -673.33 -673.34 -673.37 -673.32 
-664.57 -664.57 -663.97 -662.19 -662.19 -662.19 -662.19 -662.19 -662.19 -662.19 -662.19 -662.19 -662.20 -662.20 -662.21 -662.21 -662.21 -662.22 -662.23 -662.24 -662.24 -662.24 -662.26 -662.26 -662.27 -662.27 -662.29 -662.29 -662.26 -662.29 
-653.29 -653.29 -652.81 -651.14 -651.14 -651.14 -651.14 -651.14 -651.14 -651.14 -651.14 -651.15 -651.15 -651.15 -651.16 -651.16 -651.16 -651.17 -651.18 -651.18 -651.19 -651.20 -651.20 -651.21 -651.21 -651.23 -651.23 -651.24 -651.24 -651.29 -651.24 
-642.23 -642.23 -641.80 -640.13 -640.13 -640.13 -640.13 -640.13 -640.13 -640.13 -640.13 -640.14 -640.14 -640.14 -640.15 -640.15 -640.16 -640.16 -640.17 -640.17 -640.18 -640.19 -640.19 -640.20 -640.20 -640.21 -640.21 -640.22 -640.23 -640.20 -640.23 
-631.06 -631.06 -630.60 -629.10 -629.10 -629.09 -629.09 -629.10 -629.10 -629.10 -629.10 -629.10 -629.11 -629.11 -629.11 -629.12 -629.13 -629.13 -629.13 -629.14 -629.14 -629.15 -629.15 -629.16 -629.17 -629.17 -629.18 -629.18 -629.19 -629.19 -629.25 -629.20 
-619.82 -619.82 -619.34 -618.10 -618.05 -618.05 -618.05 -618.05 -618.05 -618.05 -618.06 -618.06 -618.06 -618.07 -618.07 -618.07 -618.08 -618.08 -618.09 -618.10 -618.10 -618.10 -618.11 -618.11 -618.12 -618.12 -618.13 -618.13 -618.14 -618.14 -618.11 -618.15 
-608.74 -608.74 -608.32 -607.13 -607.04 -607.04 -607.04 -607.04 -607.04 -607.04 -607.04 -607.05 -607.05 -607.05 -607.06 -607.06 -607.07 -607.07 -607.08 -607.08 -607.08 -607.09 -607.10 -607.10 -607.10 -607.11 -607.11 -607.12 -607.12 -607.12 -607.13 -607.19 -607.14 
-597.68 -597.68 -597.29 -596.16 -596.02 -596.02 -596.02 -596.03 -596.03 -596.03 -596.03 -596.04 -596.04 -596.04 -596.04 -596.05 -596.05 -596.06 -596.06 -596.06 -596.07 -596.07 -596.08 -596.08 -596.09 -596.09 -596.09 -596.10 -596.10 -596.11 -596.11 -596.08 -596.13 
-586.47 -586.47 -586.15 -585.15 -584.98 -584.98 -584.98 -584.98 -584.99 -584.99 -584.99 -585.00 -585.00 -585.00 -585.01 -585.01 -585.01 -585.02 -585.02 -585.02 -585.03 -585.03 -585.03 -585.04 -585.04 -585.05 -585.05 -585.05 -585.05 -585.06 -585.06 -585.06 -585.12 -585.08 
-575.32 -575.32 -575.05 -574.15 -573.95 -573.95 -573.96 -573.96 -573.96 -573.96 -573.97 -573.97 -573.97 -573.98 -573.98 -573.98 -573.99 -573.99 -573.99 -574.00 -574.00 -574.00 -574.01 -574.01 -574.01 -574.02 -574.02 -574.02 -574.02 -574.02 -574.03 -574.03 -574.00 -573.96 
-564.32 -564.32 -564.07 -563.19 -562.95 -562.95 -562.96 -562.96 -562.96 -562.96 -562.97 -562.97 -562.97 -562.97 -562.98 -562.98 -562.99 -562.99 -562.99 -563.00 -563.00 -563.00 -563.01 -563.01 -563.01 -563.01 -563.02 -563.02 -563.02 -563.02 -563.03 -563.03 -562.99 -563.05 
-553.23 -553.23 -553.02 -552.20 -551.93 -551.93 -551.94 -551.94 -551.94 -551.94 -551.95 -551.95 -551.95 -551.96 -551.96 -551.96 -551.97 -551.97 -551.97 -551.98 -551.98 -551.98 -551.98 -551.99 -551.99 -551.99 -551.99 -551.99 -552.00 -552.00 -552.00 -552.00 -552.00 -552.08 -552.03 
-542.04 -542.04 -541.90 -541.18 -540.89 -540.89 -540.90 -540.90 -540.90 -540.91 -540.91 -540.91 -540.92 -540.92 -540.92 -540.93 -540.93 -540.93 -540.94 -540.94 -540.94 -540.95 -540.95 -540.95 -540.95 -540.95 -540.95 -540.95 -540.95 -540.96 -540.95 -540.96 -540.96 -540.93 -540.99 
-530.95 -530.95 -530.84 -530.18 -529.87 -529.88 -529.88 -529.88 -529.89 -529.89 -529.89 -529.90 -529.90 -529.90 -529.91 -529.91 -529.91 -529.92 -529.92 -529.92 -529.92 -529.93 -529.93 -529.93 -529.93 -529.93 -529.93 -529.93 -529.93 -529.94 -529.93 -529.93 -529.93 -529.93 -530.00 -529.97 
-519.95 -519.95 -519.84 -519.22 -518.87 -518.88 -518.88 -518.88 -518.88 -518.89 -518.89 -518.89 -518.90 -518.90 -518.90 -518.91 -518.91 -518.91 -518.92 -518.92 -518.92 -518.93 -518.93 -518.93 -518.93 -518.93 -518.93 -518.94 -518.93 -518.93 -518.93 -518.93 -518.93 -518.93 -518.92 -518.87 
-508.90 -508.90 -508.82 -508.23 -507.86 -507.87 -507.87 -507.87 -507.87 -507.88 -507.88 -507.88 -507.89 -507.89 -507.89 -507.90 -507.90 -507.90 -507.91 -507.91 -507.91 -507.91 -507.91 -507.92 -507.92 -507.92 -507.92 -507.92 -507.92 -507.92 -507.92 -507.92 -507.92 -507.92 -507.89 -507.95 
-497.75 -497.75 -497.71 -497.20 -496.83 -496.83 -496.83 -496.84 -496.84 -496.84 -496.85 -496.85 -496.85 -496.86 -496.86 -496.86 -496.87 -496.87 -496.87 -496.87 -496.88 -496.88 -496.88 -496.88 -496.88 -496.88 -496.88 -496.88 -496.88 -496.88 -496.88 -496.88 -496.88 -496.88 -496.88 -496.94 -496.91 
-486.63 -486.63 -486.64 -486.18 -485.80 -485.80 -485.81 -485.81 -485.82 -485.82 -485.82 -485.83 -485.83 -485.83 -485.84 -485.84 -485.84 -485.85 -485.85 -485.85 -485.85 -485.85 -485.86 -485.85 -485.85 -485.86 -485.85 -485.85 -485.86 -485.85 -485.85 -485.85 -485.85 -485.85 -485.85 -485.83 -485.79 
-475.63 -475.63 -475.65 -475.21 -474.80 -474.80 -474.80 -474.81 -474.81 -474.82 -474.82 -474.82 -474.83 -474.83 -474.84 -474.84 -474.84 -474.84 -474.85 -474.85 -474.85 -474.85 -474.86 -474.85 -474.86 -474.86 -474.85 -474.86 -474.86 -474.85 -474.85 -474.85 -474.85 -474.85 -474.85 -474.82 -474.79 
-464.63 -464.63 -464.66 -464.23 -463.80 -463.80 -463.81 -463.81 -463.81 -463.82 -463.82 -463.82 -463.83 -463.83 -463.83 -463.84 -463.84 -463.84 -463.84 -463.85 -463.85 -463.85 -463.85 -463.85 -463.86 -463.86 -463.85 -463.86 -463.86 -463.85 -463.85 -463.85 -463.85 -463.85 -463.85 -463.82 -463.88 
-453.53 -453.53 -453.57 -453.21 -452.77 -452.77 -452.78 -452.78 -452.79 -452.79 -452.79 -452.80 -452.80 -452.80 -452.81 -452.81 -452.82 -452.82 -452.82 -452.82 -452.82 -452.82 -452.83 -452.82 -452.83 -452.83 -452.83 -452.83 -452.83 -452.82 -452.82 -452.82 -452.82 -452.82 -452.82 -452.81 -452.89 -452.86 
-442.39 -442.39 -442.44 -442.16 -441.73 -441.74 -441.74 -441.75 -441.75 -441.76 -441.76 -441.76 -441.77 -441.77 -441.77 -441.78 -441.78 -441.78 -441.78 -441.79 -441.78 -441.79 -441.79 -441.79 -441.79 -441.79 -441.79 -441.79 -441.78 -441.78 -441.78 -441.78 -441.78 -441.78 -441.77 -441.77 -441.75 -441.72 
-431.35 -431.35 -431.40 -431.16 -430.73 -430.73 -430.73 -430.74 -430.74 -430.75 -430.75 -430.75 -430.76 -430.76 -430.76 -430.77 -430.77 -430.77 -430.77 -430.78 -430.77 -430.78 -430.78 -430.78 -430.78 -430.78 -430.78 -430.78 -430.77 -430.77 -430.77 -430.77 -430.77 -430.76 -430.76 -430.76 -430.74 -430.71 
-420.35 -420.35 -420.40 -420.18 -419.73 -419.73 -419.73 -419.74 -419.74 -419.74 -419.75 -419.75 -419.75 -419.76 -419.76 -419.76 -419.77 -419.77 -419.77 -419.77 -419.78 -419.78 -419.78 -419.78 -419.78 -419.78 -419.78 -419.78 -419.78 -419.77 -419.77 -419.77 -419.77 -419.77 -419.76 -419.76 -419.74 -419.80 
-409.35 -409.35 -409.41 -409.20 -408.72 -408.73 -408.73 -408.73 -408.74 -408.74 -408.75 -408.75 -408.75 -408.76 -408.76 -408.76 -408.77 -408.77 -408.77 -408.77 -408.78 -408.78 -408.78 -408.78 -408.78 -408.78 -408.78 -408.78 -408.78 -408.78 -408.77 -408.77 -408.77 -408.77 -408.77 -408.76 -408.76 -408.84 -408.80 
-398.23 -398.23 -398.31 -398.09 -397.69 -397.69 -397.70 -397.70 -397.70 -397.71 -397.71 -397.72 -397.72 -397.72 -397.73 -397.73 -397.73 -397.73 -397.74 -397.74 -397.74 -397.74 -397.74 -397.74 -397.74 -397.74 -397.74 -397.74 -397.74 -397.74 -397.73 -397.73 -397.73 -397.73 -397.73 -397.72 -397.72 -397.70 -397.68 
-387.10 -387.10 -387.19 -386.96 -386.66 -386.65 -386.65 -386.66 -386.66 -386.67 -386.67 -386.68 -386.68 -386.68 -386.69 -386.69 -386.69 -386.69 -386.70 -386.70 -386.70 -386.70 -386.70 -386.70 -386.70 -386.70 -386.70 -386.70 -386.69 -386.69 -386.69 -386.69 -386.69 -386.68 -386.68 -386.68 -386.67 -386.66 -386.64 
-376.08 -376.08 -376.17 -375.97 -375.67 -375.65 -375.65 -375.66 -375.66 -375.66 -375.67 -375.67 -375.68 -375.68 -375.68 -375.69 -375.69 -375.69 -375.69 -375.70 -375.70 -375.70 -375.70 -375.70 -375.70 -375.70 -375.69 -375.70 -375.69 -375.69 -375.69 -375.69 -375.68 -375.68 -375.68 -375.68 -375.67 -375.65 -375.72 
-365.08 -365.08 -365.17 -364.98 -364.68 -364.65 -364.65 -364.65 -364.66 -364.66 -364.67 -364.67 -364.67 -364.68 -364.68 -364.68 -364.69 -364.69 -364.69 -364.69 -364.70 -364.70 -364.70 -364.70 -364.70 -364.70 -364.70 -364.70 -364.69 -364.69 -364.69 -364.69 -364.69 -364.68 -364.68 -364.67 -364.67 -364.67 -364.74 -364.72 
-354.08 -354.08 -354.17 -354.00 -353.69 -353.65 -353.65 -353.65 -353.66 -353.66 -353.66 -353.67 -353.67 -353.67 -353.68 -353.68 -353.68 -353.69 -353.69 -353.69 -353.69 -353.70 -353.70 -353.70 -353.70 -353.70 -353.70 -353.70 -353.69 -353.70 -353.69 -353.69 -353.69 -353.68 -353.68 -353.68 -353.68 -353.67 -353.66 -353.63 
-342.97 -342.97 -343.07 -342.94 -342.66 -342.61 -342.61 -342.62 -342.62 -342.62 -342.63 -342.63 -342.64 -342.64 -342.64 -342.65 -342.65 -342.65 -342.65 -342.65 -342.65 -342.65 -342.66 -342.66 -342.66 -342.65 -342.66 -342.66 -342.65 -342.65 -342.65 -342.65 -342.64 -342.64 -342.64 -342.64 -342.63 -342.63 -342.61 -342.60 
-331.84 -331.84 -331.95 -331.87 -331.61 -331.56 -331.57 -331.57 -331.57 -331.58 -331.58 -331.59 -331.59 -331.60 -331.60 -331.60 -331.60 -331.61 -331.61 -331.61 -331.61 -331.61 -331.61 -331.61 -331.61 -331.61 -331.61 -331.61 -331.61 -331.60 -331.60 -331.60 -331.59 -331.59 -331.59 -331.58 -331.58 -331.58 -331.57 -331.55 
-320.83 -320.83 -320.93 -320.87 -320.61 -320.55 -320.56 -320.56 -320.57 -320.57 -320.58 -320.58 -320.59 -320.59 -320.59 -320.59 -320.60 -320.60 -320.60 -320.60 -320.61 -320.61 -320.61 -320.61 -320.61 -320.61 -320.60 -320.60 -320.60 -320.60 -320.60 -320.60 -320.59 -320.59 -320.59 -320.58 -320.58 -320.57 -320.56 -320.62 
-309.83 -309.83 -309.92 -309.88 -309.62 -309.56 -309.56 -309.56 -309.57 -309.57 -309.58 -309.58 -309.58 -309.59 -309.59 -309.59 -309.60 -309.60 -309.60 -309.60 -309.61 -309.61 -309.61 -309.61 -309.61 -309.61 -309.61 -309.60 -309.60 -309.60 -309.60 -309.60 -309.60 -309.59 -309.59 -309.58 -309.58 -309.58 -309.57 -309.63 -309.62 
-298.82 -298.82 -298.92 -298.88 -298.63 -298.56 -298.56 -298.56 -298.57 -298.57 -298.57 -298.58 -298.58 -298.58 -298.59 -298.59 -298.59 -298.60 -298.60 -298.60 -298.60 -298.61 -298.61 -298.61 -298.61 -298.61 -298.61 -298.61 -298.60 -298.60 -298.60 -298.60 -298.60 -298.59 -298.59 -298.59 -298.58 -298.58 -298.58 -298.57 -298.55 
-287.73 -287.73 -287.83 -287.81 -287.58 -287.52 -287.52 -287.53 -287.53 -287.53 -287.54 -287.54 -287.55 -287.55 -287.55 -287.56 -287.56 -287.56 -287.56 -287.56 -287.56 -287.57 -287.57 -287.57 -287.57 -287.57 -287.56 -287.56 -287.56 -287.56 -287.56 -287.56 -287.55 -287.55 -287.55 -287.54 -287.54 -287.54 -287.53 -287.52 -287.51 
-276.60 -276.60 -276.71 -276.72 -276.53 -276.46 -276.47 -276.48 -276.48 -276.48 -276.49 -276.49 -276.50 -276.50 -276.50 -276.51 -276.51 -276.51 -276.51 -276.51 -276.52 -276.52 -276.52 -276.52 -276.52 -276.52 -276.51 -276.51 -276.51 -276.51 -276.50 -276.50 -276.50 -276.49 -276.49 -276.49 -276.49 -276.48 -276.48 -276.47 -276.46 
-265.57 -265.57 -265.68 -265.68 -265.52 -265.45 -265.46 -265.46 -265.47 -265.47 -265.48 -265.48 -265.48 -265.49 -265.49 -265.49 -265.50 -265.50 -265.50 -265.50 -265.51 -265.51 -265.51 -265.51 -265.51 -265.51 -265.50 -265.50 -265.50 -265.50 -265.49 -265.49 -265.49 -265.49 -265.48 -265.48 -265.47 -265.47 -265.47 -265.46 -265.45 
-254.57 -254.57 -254.67 -254.64 -254.52 -254.46 -254.46 -254.46 -254.47 -254.47 -254.47 -254.48 -254.48 -254.49 -254.49 -254.49 -254.49 -254.50 -254.50 -254.50 -254.50 -254.51 -254.51 -254.51 -254.51 -254.51 -254.51 -254.50 -254.50 -254.50 -254.50 -254.49 -254.49 -254.49 -254.48 -254.48 -254.48 -254.48 -254.47 -254.46 -254.45 
-243.57 -243.57 -243.67 -243.64 -243.53 -243.45 -243.45 -243.46 -243.46 -243.47 -243.47 -243.48 -243.48 -243.48 -243.49 -243.49 -243.49 -243.50 -243.50 -243.50 -243.50 -243.50 -243.51 -243.51 -243.51 -243.51 -243.51 -243.51 -243.50 -243.50 -243.50 -243.50 -243.49 -243.49 -243.49 -243.48 -243.48 -243.48 -243.47 -243.46 -243.45 
-232.49 -232.49 -232.59 -232.59 -232.49 -232.42 -232.42 -232.43 -232.43 -232.44 -232.44 -232.44 -232.45 -232.45 -232.45 -232.46 -232.46 -232.46 -232.47 -232.47 -232.47 -232.47 -232.47 -232.47 -232.47 -232.47 -232.47 -232.47 -232.47 -232.46 -232.46 -232.46 -232.46 -232.45 -232.45 -232.45 -232.44 -232.44 -232.44 -232.42 -232.48 
-221.37 -221.37 -221.48 -221.50 -221.43 -221.37 -221.37 -221.38 -221.38 -221.38 -221.39 -221.39 -221.40 -221.40 -221.40 -221.41 -221.41 -221.41 -221.41 -221.42 -221.42 -221.42 -221.42 -221.42 -221.42 -221.42 -221.41 -221.41 -221.41 -221.41 -221.40 -221.40 -221.40 -221.40 -221.39 -221.39 -221.39 -221.39 -221.38 -221.38 -221.43 -221.42 
-210.33 -210.33 -210.45 -210.46 -210.42 -210.35 -210.36 -210.36 -210.37 -210.37 -210.38 -210.38 -210.38 -210.39 -210.39 -210.39 -210.39 -210.40 -210.40 -210.40 -210.40 -210.40 -210.40 -210.40 -210.40 -210.40 -210.40 -210.40 -210.40 -210.40 -210.39 -210.39 -210.39 -210.38 -210.38 -210.38 -210.37 -210.37 -210.36 -210.36 -210.36 -210.35 
-199.33 -199.33 -199.44 -199.46 -199.42 -199.35 -199.35 -199.36 -199.36 -199.37 -199.37 -199.38 -199.38 -199.38 -199.39 -199.39 -199.39 -199.40 -199.40 -199.40 -199.40 -199.40 -199.40 -199.40 -199.40 -199.40 -199.40 -199.40 -199.40 -199.40 -199.40 -199.39 -199.39 -199.39 -199.38 -199.38 -199.38 -199.37 -199.37 -199.36 -199.36 -199.35 
-188.33 -188.33 -188.43 -188.46 -188.42 -188.35 -188.35 -188.36 -188.36 -188.37 -188.37 -188.37 -188.38 -188.38 -188.38 -188.39 -188.39 -188.39 -188.40 -188.40 -188.40 -188.40 -188.40 -188.40 -188.40 -188.40 -188.40 -188.40 -188.40 -188.40 -188.40 -188.39 -188.39 -188.39 -188.39 -188.38 -188.38 -188.37 -188.37 -188.36 -188.36 -188.35 
-177.27 -177.27 -177.37 -177.42 -177.39 -177.32 -177.33 -177.33 -177.33 -177.34 -177.34 -177.34 -177.35 -177.35 -177.35 -177.36 -177.36 -177.36 -177.37 -177.37 -177.37 -177.37 -177.37 -177.37 -177.37 -177.37 -177.37 -177.37 -177.37 -177.37 -177.36 -177.36 -177.36 -177.35 -177.35 -177.35 -177.35 -177.34 -177.34 -177.33 -177.33 -177.32 
-166.16 -166.16 -166.28 -166.34 -166.33 -166.27 -166.28 -166.28 -166.29 -166.29 -166.30 -166.30 -166.30 -166.31 -166.31 -166.31 -166.31 -166.32 -166.32 -166.32 -166.32 -166.32 -166.32 -166.32 -166.32 -166.32 -166.32 -166.31 -166.31 -166.31 -166.31 -166.31 -166.31 -166.30 -166.30 -166.30 -166.29 -166.29 -166.28 -166.28 -166.28 -166.27 
-155.11 -155.11 -155.23 -155.30 -155.29 -155.25 -155.26 -155.26 -155.27 -155.27 -155.27 -155.28 -155.28 -155.28 -155.29 -155.29 -155.29 -155.30 -155.30 -155.30 -155.30 -155.30 -155.30 -155.30 -155.30 -155.30 -155.30 -155.29 -155.29 -155.29 -155.29 -155.28 -155.28 -155.28 -155.28 -155.27 -155.27 -155.27 -155.26 -155.26 -155.26 -155.25 
-144.11 -144.11 -144.23 -144.28 -144.27 -144.25 -144.25 -144.26 -144.26 -144.27 -144.27 -144.28 -144.28 -144.28 -144.29 -144.29 -144.29 -144.29 -144.30 -144.30 -144.30 -144.30 -144.30 -144.30 -144.30 -144.30 -144.30 -144.30 -144.29 -144.29 -144.29 -144.29 -144.28 -144.28 -144.28 -144.27 -144.28 -144.27 -144.27 -144.26 -144.26 -144.25 
-133.11 -133.11 -133.22 -133.28 -133.26 -133.25 -133.25 -133.26 -133.26 -133.27 -133.27 -133.27 -133.28 -133.28 -133.28 -133.29 -133.29 -133.29 -133.29 -133.30 -133.30 -133.30 -133.30 -133.30 -133.30 -133.30 -133.30 -133.30 -133.30 -133.29 -133.29 -133.29 -133.29 -133.28 -133.28 -133.28 -133.28 -133.27 -133.27 -133.26 -133.26 -133.25 
-122.07 -122.07 -122.18 -122.25 -122.24 -122.23 -122.23 -122.24 -122.24 -122.24 -122.25 -122.25 -122.25 -122.26 -122.26 -122.26 -122.27 -122.27 -122.27 -122.27 -122.27 -122.27 -122.27 -122.27 -122.27 -122.27 -122.27 -122.27 -122.27 -122.27 -122.27 -122.27 -122.26 -122.26 -122.26 -122.25 -122.25 -122.25 -122.24 -122.24 -122.23 -122.23 
-110.97 -110.97 -111.09 -111.18 -111.18 -111.18 -111.19 -111.19 -111.19 -111.19 -111.20 -111.20 -111.20 -111.21 -111.21 -111.21 -111.22 -111.22 -111.22 -111.22 -111.22 -111.22 -111.22 -111.22 -111.22 -111.22 -111.22 -111.22 -111.22 -111.22 -111.21 -111.21 -111.21 -111.21 -111.20 -111.20 -111.20 -111.20 -111.19 -111.19 -111.19 -111.18 
-99.92 -99.92 -100.04 -100.14 -100.15 -100.16 -100.16 -100.16 -100.17 -100.17 -100.17 -100.18 -100.18 -100.18 -100.19 -100.19 -100.19 -100.19 -100.19 -100.19 -100.19 -100.19 -100.19 -100.19 -100.19 -100.19 -100.19 -100.19 -100.19 -100.19 -100.19 -100.18 -100.18 -100.18 -100.18 -100.17 -100.17 -100.17 -100.17 -100.16 -100.16 -100.16 
-88.92 -88.92 -89.04 -89.13 -89.15 -89.16 -89.16 -89.16 -89.16 -89.17 -89.17 -89.18 -89.18 -89.18 -89.18 -89.19 -89.19 -89.19 -89.19 -89.19 -89.19 -89.19 -89.19 -89.19 -89.19 -89.19 -89.19 -89.19 -89.19 -89.19 -89.19 -89.19 -89.18 -89.18 -89.18 -89.17 -89.17 -89.17 -89.17 -89.16 -89.16 -89.16 
-77.92 -77.92 -78.03 -78.12 -78.15 -78.16 -78.16 -78.16 -78.16 -78.17 -78.17 -78.17 -78.18 -78.18 -78.18 -78.19 -78.19 -78.19 -78.19 -78.19 -78.19 -78.19 -78.19 -78.19 -78.19 -78.19 -78.19 -78.19 -78.19 -78.19 -78.19 -78.19 -78.18 -78.18 -78.18 -78.18 -78.17 -78.17 -78.17 -78.16 -78.16 -78.16 
-66.89 -66.89 -67.00 -67.10 -67.13 -67.14 -67.14 -67.14 -67.15 -67.15 -67.15 -67.15 -67.16 -67.16 -67.16 -67.17 -67.17 -67.17 -67.17 -67.17 -67.17 -67.17 -67.18 -67.18 -67.18 -67.18 -67.17 -67.17 -67.17 -67.17 -67.17 -67.17 -67.17 -67.16 -67.16 -67.16 -67.16 -67.16 -67.15 -67.15 -67.14 -67.14 
-55.80 -55.80 -55.92 -56.03 -56.08 -56.09 -56.10 -56.10 -56.10 -56.10 -56.11 -56.11 -56.11 -56.11 -56.11 -56.11 -56.12 -56.12 -56.12 -56.12 -56.12 -56.12 -56.12 -56.12 -56.12 -56.12 -56.12 -56.12 -56.12 -56.12 -56.12 -56.12 -56.12 -56.11 -56.11 -56.11 -56.11 -56.10 -56.10 -56.10 -56.10 -56.10 
-44.74 -44.74 -44.86 -44.99 -45.04 -45.06 -45.06 -45.07 -45.07 -45.07 -45.07 -45.08 -45.08 -45.08 -45.08 -45.08 -45.09 -45.09 -45.09 -45.09 -45.09 -45.09 -45.09 -45.09 -45.09 -45.09 -45.09 -45.09 -45.09 -45.09 -45.09 -45.08 -45.08 -45.08 -45.08 -45.07 -45.07 -45.07 -45.07 -45.07 -45.06 -45.06 
-33.74 -33.74 -33.86 -33.98 -34.04 -34.06 -34.06 -34.07 -34.07 -34.07 -34.07 -34.08 -34.08 -34.08 -34.08 -34.08 -34.08 -34.09 -34.09 -34.09 -34.09 -34.09 -34.09 -34.09 -34.09 -34.09 -34.09 -34.09 -34.09 -34.09 -34.09 -34.08 -34.08 -34.08 -34.08 -34.07 -34.08 -34.07 -34.07 -34.07 -34.06 -34.06 
-22.74 -22.74 -22.86 -22.97 -23.04 -23.06 -23.06 -23.07 -23.07 -23.07 -23.07 -23.07 -23.08 -23.08 -23.08 -23.08 -23.08 -23.08 -23.09 -23.09 -23.09 -23.09 -23.09 -23.09 -23.09 -23.09 -23.09 -23.09 -23.09 -23.09 -23.09 -23.09 -23.08 -23.08 -23.08 -23.08 -23.08 -23.07 -23.07 -23.07 -23.07 -23.07 
-11.72 -11.72 -11.84 -11.96 -12.03 -12.05 -12.05 -12.05 -12.06 -12.06 -12.06 -12.06 -12.07 -12.07 -12.07 -12.07 -12.07 -12.07 -12.07 -12.08 -12.08 -12.08 -12.08 -12.08 -12.08 -12.08 -12.08 -12.08 -12.08 -12.08 -12.07 -12.07 -12.07 -12.07 -12.07 -12.07 -12.06 -12.06 -12.06 -12.06 -12.05 -12.05 
-0.64 -0.64 -0.76 -0.89 -0.97 -1.00 -1.01 -1.01 -1.01 -1.01 -1.01 -1.01 -1.01 -1.02 -1.02 -1.02 -1.02 -1.02 -1.02 -1.02 -1.02 -1.02 -1.02 -1.02 -1.02 -1.02 -1.02 -1.02 -1.02 -1.02 -1.02 -1.02 -1.02 -1.02 -1.02 -1.02 -1.01 -1.01 -1.01 -1.01 -1.01 -1.01 
10.42 10.42 10.30 10.16 10.07 10.03 10.03 10.03 10.03 10.03 10.02 10.02 10.02 10.02 10.02 10.02 10.02 10.02 10.02 10.02 10.02 10.02 10.02 10.02 10.02 10.02 10.02 10.02 10.02 10.02 10.02 10.02 10.02 10.02 10.02 10.03 10.03 10.03 10.03 10.03 10.03 10.03 
21.42 21.42 21.30 21.16 21.07 21.03 21.03 21.03 21.03 21.03 21.03 21.02 21.02 21.02 21.02 21.02 21.02 21.02 21.02 21.02 21.02 21.02 21.02 21.02 21.02 21.02 21.02 21.02 21.02 21.02 21.02 21.02 21.02 21.02 21.02 21.03 21.03 21.03 21.03 21.03 21.03 21.03 
32.42 32.42 32.30 32.16 32.07 32.03 32.03 32.03 32.03 32.03 32.03 32.02 32.02 32.02 32.02 32.02 32.02 32.02 32.02 32.02 32.02 32.02 32.02 32.02 32.02 32.02 32.02 32.02 32.02 32.02 32.02 32.02 32.02 32.02 32.02 32.02 32.03 32.03 32.03 32.03 32.03 32.03 
43.43 43.43 43.31 43.17 43.07 43.04 43.04 43.04 43.03 43.03 43.03 43.03 43.03 43.03 43.03 43.03 43.03 43.03 43.03 43.02 43.02 43.02 43.02 43.02 43.02 43.02 43.02 43.02 43.02 43.03 43.03 43.03 43.03 43.03 43.03 43.03 43.03 43.03 43.03 43.04 43.04 43.04 
54.52 54.52 54.41 54.25 54.14 54.10 54.09 54.09 54.09 54.09 54.09 54.09 54.09 54.09 54.09 54.09 54.08 54.08 54.08 54.08 54.08 54.08 54.08 54.08 54.08 54.08 54.08 54.08 54.08 54.08 54.09 54.09 54.09 54.09 54.09 54.09 54.09 54.09 54.09 54.09 54.09 54.09 
65.60 65.60 65.49 65.32 65.20 65.15 65.14 65.14 65.14 65.14 65.14 65.14 65.14 65.14 65.14 65.14 65.14 65.14 65.14 65.14 65.14 65.14 65.14 65.14 65.14 65.14 65.14 65.14 65.14 65.14 65.14 65.14 65.14 65.14 65.14 65.14 65.14 65.14 65.14 65.14 65.14 65.14 
76.60 76.60 76.49 76.32 76.19 76.15 76.14 76.14 76.14 76.14 76.14 76.14 76.14 76.14 76.14 76.14 76.14 76.14 76.14 76.14 76.14 76.14 76.14 76.14 76.14 76.14 76.14 76.14 76.14 76.14 76.14 76.14 76.14 76.14 76.14 76.14 76.14 76.14 76.14 76.14 76.14 76.14 
87.60 87.60 87.49 87.32 87.19 87.15 87.14 87.14 87.14 87.14 87.14 87.14 87.14 87.14 87.14 87.14 87.14 87.14 87.14 87.14 87.14 87.14 87.14 87.14 87.14 87.14 87.14 87.14 87.14 87.14 87.14 87.14 87.14 87.14 87.14 87.14 87.14 87.14 87.14 87.14 87.14 87.14 
98.60 98.60 98.49 98.32 98.19 98.15 98.14 98.14 98.14 98.14 98.14 98.14 98.14 98.14 98.14 98.14 98.14 98.14 98.14 98.14 98.14 98.14 98.14 98.14 98.14 98.14 98.14 98.14 98.14 98.14 98.15 98.15 98.15 98.15 98.14 98.14 98.14 98.14 98.14 98.14 98.14 98.14 
109.70 109.70 109.59 109.42 109.27 109.21 109.20 109.20 109.20 109.20 109.20 109.20 109.20 109.20 109.20 109.20 109.20 109.20 109.20 109.20 109.20 109.20 109.20 109.20 109.20 109.20 109.20 109.20 109.20 109.20 109.20 109.20 109.20 109.21 109.21 109.20 109.21 109.21 109.21 109.21 109.20 109.20 
120.81 120.81 120.70 120.52 120.35 120.28 120.27 120.27 120.27 120.27 120.27 120.27 120.27 120.27 120.27 120.27 120.27 120.27 120.27 120.27 120.27 120.27 120.27 120.27 120.27 120.27 120.27 120.27 120.27 120.26 120.26 120.26 120.26 120.26 120.27 120.27 120.27 120.27 120.27 120.27 120.27 120.27 
131.81 131.81 131.70 131.51 131.34 131.28 131.27 131.27 131.27 131.27 131.27 131.27 131.27 131.27 131.27 131.27 131.27 131.27 131.27 131.27 131.27 131.27 131.27 131.27 131.27 131.27 131.27 131.27 131.27 131.27 131.27 131.27 131.27 131.27 131.27 131.27 131.27 131.27 131.27 131.27 131.27 131.27 
142.81 142.81 142.70 142.51 142.34 142.28 142.27 142.27 142.27 142.27 142.27 142.27 142.27 142.27 142.27 142.27 142.27 142.27 142.27 142.27 142.27 142.27 142.27 142.27 142.27 142.27 142.27 142.27 142.27 142.27 142.27 142.27 142.27 142.27 142.27 142.27 142.27 142.27 142.27 142.27 142.27 142.27 
153.81 153.81 153.70 153.51 153.34 153.28 153.27 153.27 153.27 153.27 153.27 153.27 153.27 153.27 153.27 153.27 153.27 153.27 153.27 153.27 153.27 153.27 153.27 153.27 153.27 153.27 153.27 153.27 153.27 153.27 153.27 153.27 153.27 153.27 153.27 153.27 153.27 153.27 153.27 153.27 153.27 153.27 
164.91 164.91 164.80 164.60 164.42 164.34 164.33 164.33 164.33 164.33 164.33 164.33 164.33 164.34 164.34 164.34 164.34 164.34 164.34 164.34 164.34 164.34 164.34 164.34 164.34 164.34 164.34 164.34 164.34 164.34 164.34 164.34 164.34 164.34 164.34 164.34 164.34 164.34 164.34 164.34 164.33 164.33 
176.02 176.02 175.92 175.71 175.50 175.42 175.41 175.41 175.41 175.41 175.41 175.41 175.41 175.41 175.41 175.41 175.41 175.41 175.41 175.41 175.41 175.41 175.41 175.41 175.41 175.41 175.41 175.41 175.41 175.41 175.41 175.41 175.41 175.41 175.41 175.41 175.41 175.41 175.41 175.41 175.41 175.40 
187.04 187.04 186.94 186.72 186.51 186.43 186.41 186.41 186.42 186.42 186.42 186.42 186.42 186.42 186.42 186.42 186.42 186.42 186.42 186.42 186.42 186.42 186.42 186.42 186.42 186.42 186.42 186.42 186.42 186.42 186.42 186.42 186.42 186.42 186.42 186.42 186.42 186.42 186.42 186.42 186.42 186.41 
198.04 198.04 197.93 197.72 197.50 197.42 197.41 197.41 197.42 197.42 197.42 197.42 197.42 197.42 197.42 197.42 197.42 197.42 197.42 197.42 197.42 197.42 197.42 197.42 197.42 197.42 197.42 197.42 197.42 197.42 197.42 197.42 197.42 197.42 197.42 197.42 197.42 197.42 197.42 197.42 197.44 197.44 
209.04 209.04 208.93 208.72 208.50 208.42 208.41 208.41 208.41 208.42 208.42 208.42 208.42 208.42 208.42 208.42 208.42 208.42 208.42 208.42 208.42 208.42 208.42 208.42 208.42 208.42 208.42 208.42 208.42 208.42 208.42 208.42 208.42 208.42 208.42 208.42 208.42 208.42 208.42 208.42 208.44 
220.14 220.14 220.03 219.81 219.57 219.48 219.48 219.48 219.48 219.48 219.48 219.48 219.48 219.48 219.48 219.48 219.48 219.48 219.48 219.48 219.48 219.48 219.49 219.48 219.48 219.48 219.48 219.48 219.48 219.48 219.48 219.48 219.48 219.48 219.48 219.48 219.48 219.48 219.48 219.48 219.48 
231.27 231.27 231.16 230.92 230.67 230.57 230.56 230.56 230.56 230.56 230.56 230.56 230.56 230.57 230.57 230.57 230.57 230.57 230.57 230.57 230.57 230.57 230.57 230.57 230.57 230.57 230.57 230.57 230.57 230.57 230.57 230.57 230.57 230.57 230.57 230.57 230.56 230.56 230.56 230.56 230.56 
242.30 242.30 242.20 241.95 241.68 241.59 241.58 241.58 241.58 241.58 241.58 241.58 241.58 241.59 241.59 241.59 241.59 241.59 241.59 241.59 241.59 241.59 241.59 241.59 241.59 241.59 241.59 241.59 241.59 241.59 241.59 241.59 241.59 241.59 241.59 241.59 241.59 241.58 241.58 241.58 241.58 
253.30 253.30 253.20 252.95 252.68 252.58 252.58 252.58 252.58 252.58 252.58 252.58 252.58 252.58 252.59 252.59 252.59 252.59 252.59 252.59 252.59 252.59 252.59 252.59 252.59 252.59 252.59 252.59 252.59 252.59 252.59 252.59 252.59 252.59 252.59 252.59 252.59 252.58 252.58 252.58 252.58 
264.30 264.30 264.20 263.94 263.67 263.58 263.58 263.58 263.58 263.58 263.58 263.58 263.58 263.58 263.59 263.59 263.59 263.59 263.59 263.59 263.59 263.59 263.59 263.59 263.59 263.59 263.59 263.59 263.59 263.59 263.59 263.59 263.59 263.59 263.59 263.59 263.59 263.58 263.58 263.58 263.58 
275.39 275.39 275.28 275.02 274.75 274.63 274.64 274.64 274.64 274.64 274.64 274.64 274.64 274.64 274.64 274.64 274.64 274.64 274.64 274.64 274.64 274.64 274.64 274.64 274.64 274.64 274.64 274.64 274.64 274.64 274.64 274.64 274.64 274.64 274.64 274.64 274.64 274.64 274.64 274.66 274.66 
286.53 286.53 286.42 286.14 285.86 285.73 285.73 285.73 285.73 285.73 285.73 285.73 285.73 285.73 285.73 285.73 285.73 285.73 285.73 285.73 285.73 285.73 285.73 285.73 285.73 285.73 285.73 285.73 285.73 285.73 285.73 285.73 285.73 285.73 285.73 285.73 285.73 285.73 285.73 285.75 
297.58 297.58 297.47 297.18 296.89 296.76 296.76 296.76 296.76 296.76 296.76 296.76 296.76 296.76 296.76 296.76 296.77 296.77 296.77 296.77 296.77 296.77 296.77 296.77 296.77 296.77 296.77 296.77 296.77 296.77 296.77 296.76 296.76 296.76 296.76 296.76 296.76 296.76 296.76 296.75 
308.58 308.58 308.47 308.17 307.88 307.76 307.76 307.76 307.76 307.76 307.76 307.76 307.76 307.76 307.76 307.76 307.76 307.77 307.77 307.76 307.77 307.77 307.77 307.77 307.77 307.77 307.77 307.77 307.77 307.77 307.77 307.77 307.76 307.76 307.76 307.76 307.76 307.76 307.76 307.75 
319.58 319.58 319.47 319.15 318.87 318.76 318.76 318.76 318.76 318.76 318.76 318.76 318.76 318.76 318.76 318.76 318.76 318.76 318.77 318.76 318.77 318.77 318.77 318.77 318.77 318.77 318.77 318.77 318.77 318.77 318.77 318.77 318.76 318.76 318.76 318.76 318.76 318.76 318.76 318.75 
330.65 330.65 330.54 330.20 329.92 329.80 329.80 329.81 329.81 329.81 329.81 329.81 329.81 329.81 329.81 329.81 329.81 329.81 329.81 329.81 329.81 329.81 329.81 329.81 329.81 329.81 329.81 329.81 329.81 329.81 329.81 329.81 329.81 329.81 329.81 329.81 329.81 329.81 329.83 329.82 
341.79 341.79 341.67 341.35 341.00 340.89 340.89 340.89 340.89 340.90 340.90 340.90 340.90 340.90 340.90 340.90 340.90 340.90 340.90 340.90 340.90 340.90 340.90 340.90 340.90 340.90 340.90 340.90 340.90 340.90 340.90 340.90 340.90 340.90 340.90 340.90 340.90 340.89 340.91 
352.86 352.86 352.74 352.43 352.05 351.94 351.94 351.94 351.94 351.94 351.94 351.94 351.94 351.94 351.94 351.94 351.94 351.94 351.94 351.94 351.94 351.94 351.94 351.94 351.94 351.94 351.94 351.94 351.94 351.94 351.94 351.94 351.94 351.94 351.94 351.94 351.94 351.94 351.93 
363.86 363.86 363.73 363.41 363.04 362.94 362.94 362.94 362.94 362.94 362.94 362.94 362.94 362.94 362.94 362.94 362.94 362.94 362.94 362.94 362.94 362.94 362.94 362.94 362.94 362.94 362.94 362.94 362.94 362.94 362.94 362.94 362.94 362.94 362.94 362.94 362.94 362.94 362.93 
374.86 374.86 374.72 374.39 374.04 373.94 373.94 373.94 373.94 373.94 373.94 373.94 373.94 373.94 373.94 373.94 373.94 373.94 373.94 373.94 373.94 373.94 373.94 373.94 373.94 373.94 373.94 373.94 373.94 373.94 373.94 373.94 373.94 373.94 373.94 373.94 373.94 373.94 373.93 
385.92 385.92 385.77 385.43 385.07 384.97 384.97 384.97 384.97 384.97 384.97 384.98 384.97 384.97 384.98 384.98 384.98 384.98 384.98 384.98 384.98 384.98 384.98 384.98 384.98 384.98 384.98 384.98 384.98 384.98 384.98 384.98 384.98 384.98 384.98 384.98 384.98 385.00 384.99 
396.07 396.07 395.91 395.54 395.17 395.07 395.07 395.07 395.07 395.07 395.07 395.07 395.07 395.07 395.07 395.07 395.07 395.07 395.07 395.07 395.07 395.07 395.07 395.07 395.07 395.07 395.07 395.07 395.07 395.07 395.07 395.07 395.07 395.07 395.07 395.07 395.07 395.09 
407.15 407.15 406.98 406.58 406.21 406.11 406.11 406.12 406.12 406.12 406.12 406.12 406.12 406.12 406.12 406.12 406.12 406.12 406.12 406.12 406.12 406.12 406.12 406.12 406.12 406.12 406.12 406.12 406.12 406.12 406.12 406.12 406.12 406.12 406.12 406.12 406.12 406.11 
418.15 418.15 417.97 417.56 417.20 417.11 417.11 417.11 417.12 417.12 417.12 417.12 417.12 417.12 417.12 417.12 417.12 417.12 417.12 417.12 417.12 417.12 417.12 417.12 417.12 417.12 417.12 417.12 417.12 417.12 417.12 417.12 417.12 417.12 417.12 417.12 417.12 417.11 
429.15 429.15 428.95 428.54 428.20 428.11 428.11 428.11 428.11 428.11 428.12 428.12 428.12 428.12 428.12 428.12 428.12 428.12 428.12 428.12 428.12 428.12 428.12 428.12 428.12 428.12 428.12 428.12 428.12 428.12 428.12 428.12 428.12 428.12 428.12 428.12 428.14 428.13 
440.23 440.23 440.02 439.59 439.24 439.16 439.16 439.17 439.17 439.17 439.17 439.17 439.17 439.17 439.17 439.17 439.17 439.17 439.17 439.17 439.17 439.17 439.17 439.17 439.17 439.17 439.17 439.17 439.17 439.17 439.17 439.17 439.17 439.17 439.17 439.17 439.19 
451.38 451.38 451.17 450.68 450.34 450.26 450.26 450.26 450.26 450.26 450.26 450.26 450.26 450.26 450.26 450.26 450.26 450.26 450.26 450.26 450.27 450.27 450.27 450.27 450.27 450.27 450.27 450.27 450.27 450.27 450.27 450.27 450.27 450.27 450.27 450.27 450.26 
462.46 462.46 462.26 461.71 461.37 461.30 461.30 461.30 461.30 461.31 461.31 461.31 461.31 461.31 461.31 461.31 461.31 461.31 461.31 461.31 461.31 461.31 461.31 461.31 461.31 461.31 461.31 461.31 461.31 461.31 461.31 461.31 461.31 461.32 461.32 461.33 461.32 
473.46 473.46 473.26 472.69 472.37 472.30 472.30 472.30 472.30 472.30 472.31 472.30 472.31 472.31 472.31 472.31 472.31 472.31 472.31 472.31 472.31 472.31 472.31 472.31 472.31 472.31 472.31 472.31 472.31 472.31 472.31 472.31 472.31 472.32 472.31 472.32 
484.46 484.46 484.24 483.67 483.36 483.30 483.30 483.30 483.30 483.30 483.30 483.30 483.31 483.31 483.31 483.31 483.31 483.31 483.31 483.31 483.31 483.31 483.31 483.31 483.31 483.31 483.31 483.31 483.31 483.31 483.31 483.31 483.31 483.32 483.31 483.30 
495.62 495.62 495.39 494.77 494.45 494.40 494.40 494.40 494.41 494.41 494.41 494.41 494.41 494.41 494.41 494.41 494.41 494.41 494.41 494.41 494.41 494.41 494.41 494.41 494.41 494.42 494.41 494.41 494.42 494.42 494.42 494.42 494.42 494.42 494.44 494.43 
506.79 506.79 506.53 505.88 505.56 505.51 505.51 505.51 505.51 505.51 505.51 505.52 505.52 505.52 505.52 505.52 505.52 505.52 505.52 505.52 505.52 505.52 505.52 505.52 505.52 505.52 505.52 505.52 505.53 505.53 505.53 505.53 505.53 505.52 505.54 
517.81 517.81 517.52 516.86 516.55 516.52 516.52 516.52 516.52 516.52 516.52 516.52 516.52 516.52 516.52 516.52 516.52 516.53 516.52 516.53 516.53 516.53 516.53 516.53 516.53 516.53 516.53 516.53 516.53 516.53 516.53 516.53 516.54 516.53 516.52 
528.82 528.82 528.50 527.84 527.54 527.51 527.52 527.52 527.52 527.52 527.52 527.52 527.52 527.52 527.52 527.52 527.52 527.52 527.52 527.52 527.53 527.53 527.53 527.53 527.53 527.53 527.53 527.53 527.53 527.53 527.53 527.54 527.54 527.55 527.54 
539.95 539.95 539.62 538.92 538.62 538.60 538.60 538.60 538.61 538.61 538.61 538.61 538.61 538.61 538.61 538.61 538.61 538.61 538.62 538.62 538.62 538.62 538.62 538.62 538.62 538.62 538.62 538.62 538.62 538.63 538.62 538.63 538.62 538.63 
551.17 551.17 550.79 550.05 549.74 549.73 549.73 549.73 549.74 549.74 549.74 549.74 549.74 549.74 549.74 549.74 549.75 549.74 549.75 549.75 549.75 549.75 549.75 549.75 549.75 549.75 549.75 549.75 549.75 549.76 549.76 549.76 549.77 549.76 
562.24 562.24 561.82 561.09 560.77 560.77 560.77 560.77 560.77 560.78 560.78 560.78 560.78 560.78 560.78 560.78 560.78 560.78 560.79 560.79 560.79 560.79 560.79 560.79 560.79 560.79 560.79 560.79 560.80 560.80 560.80 560.79 560.80 
573.24 573.24 572.78 572.09 571.77 571.77 571.77 571.77 571.77 571.77 571.77 571.78 571.78 571.78 571.78 571.78 571.78 571.78 571.78 571.79 571.79 571.79 571.79 571.79 571.79 571.79 571.79 571.79 571.80 571.80 571.80 571.79 571.78 
584.44 584.44 583.94 583.21 582.89 582.89 582.90 582.90 582.90 582.90 582.90 582.90 582.91 582.91 582.91 582.91 582.91 582.91 582.92 582.92 582.92 582.92 582.92 582.92 582.92 582.92 582.92 582.93 582.93 582.93 582.93 582.94 582.93 
595.68 595.68 595.11 594.34 594.04 594.04 594.05 594.05 594.05 594.05 594.06 594.05 594.06 594.06 594.06 594.06 594.06 594.07 594.07 594.07 594.07 594.07 594.07 594.07 594.07 594.08 594.08 594.08 594.08 594.08 594.07 594.08 
606.72 606.72 606.10 605.33 605.06 605.06 605.07 605.07 605.07 605.07 605.07 605.08 605.08 605.08 605.08 605.08 605.09 605.09 605.09 605.09 605.09 605.09 605.09 605.09 605.10 605.10 605.10 605.10 605.10 605.10 605.11 605.10 
617.85 617.85 617.17 616.36 616.13 616.13 616.13 616.14 616.14 616.14 616.14 616.15 616.15 616.15 616.15 616.15 616.15 616.16 616.16 616.16 616.16 616.16 616.16 616.16 616.17 616.17 616.17 616.17 616.17 616.17 616.18 
629.18 629.18 628.47 627.52 627.30 627.30 627.30 627.31 627.31 627.31 627.31 627.32 627.32 627.32 627.32 627.33 627.33 627.33 627.33 627.33 627.33 627.33 627.34 627.34 627.34 627.34 627.34 627.34 627.34 627.36 627.35 
640.35 640.35 639.72 638.67 638.40 638.40 638.40 638.41 638.41 638.41 638.41 638.41 638.42 638.42 638.42 638.43 638.43 638.43 638.43 638.43 638.43 638.43 638.44 638.44 638.44 638.44 638.44 638.44 638.44 638.45 
651.41 651.41 650.89 649.82 649.46 649.46 649.46 649.46 649.47 649.47 649.47 649.48 649.48 649.48 649.48 649.48 649.49 649.49 649.49 649.49 649.49 649.50 649.50 649.50 649.50 649.50 649.50 649.50 649.51 649.51 
662.70 662.70 662.25 661.16 660.64 660.65 660.65 660.66 660.66 660.66 660.66 660.67 660.67 660.67 660.67 660.67 660.68 660.68 660.68 660.68 660.68 660.69 660.69 660.69 660.69 660.69 660.69 660.69 660.69 
673.92 673.92 673.38 672.29 671.77 671.77 671.78 671.78 671.78 671.79 671.79 671.79 671.80 671.80 671.80 671.80 671.80 671.81 671.81 671.81 671.81 671.81 671.82 671.82 671.82 671.82 671.82 671.83 671.82 
685.09 685.09 684.44 683.35 682.88 682.88 682.89 682.89 682.89 682.90 682.90 682.90 682.90 682.91 682.91 682.91 682.91 682.92 682.92 682.92 682.92 682.92 682.93 682.93 682.93 682.93 682.94 682.94 
696.39 696.39 695.63 694.50 694.09 694.09 694.09 694.10 694.10 694.10 694.11 694.11 694.11 694.11 694.11 694.12 694.12 694.12 694.12 694.13 694.13 694.13 694.13 694.13 694.13 694.13 694.13 
707.54 707.54 706.69 705.51 705.18 705.19 705.19 705.19 705.20 705.20 705.20 705.20 705.21 705.21 705.21 705.21 705.22 705.22 705.22 705.22 705.22 705.23 705.23 705.23 705.23 705.23 705.23 
718.85 718.85 717.93 716.67 716.40 716.40 716.41 716.41 716.41 716.41 716.42 716.42 716.42 716.42 716.43 716.43 716.43 716.43 716.44 716.44 716.44 716.44 716.44 716.44 716.45 716.45 
730.14 730.14 729.08 727.83 727.61 727.61 727.62 727.62 727.62 727.63 727.63 727.63 727.63 727.64 727.64 727.64 727.64 727.64 727.64 727.65 727.65 727.65 727.65 727.65 727.65 
741.37 741.37 740.13 738.90 738.76 738.76 738.76 738.77 738.77 738.77 738.77 738.77 738.78 738.78 738.78 738.78 738.78 738.79 738.79 738.79 738.79 738.79 738.79 738.80 
751.72 751.72 750.31 749.04 748.98 748.98 748.98 748.99 748.99 748.99 748.99 749.00 749.00 749.00 749.00 749.00 749.01 749.01 749.01 749.01 749.01 749.01 749.01 
761.98 761.98 760.46 759.14 759.14 759.14 759.15 759.15 759.15 759.15 759.16 759.16 759.16 759.16 759.16 759.16 759.17 759.17 759.17 759.17 759.17 759.17 
772.29 772.29 770.65 769.36 769.36 769.36 769.37 769.37 769.37 769.37 769.37 769.38 769.38 769.38 769.38 769.38 769.38 769.39 769.39 769.39 769.39 
782.61 782.61 780.75 779.58 779.58 779.59 779.59 779.59 779.59 779.60 779.60 779.60 779.60 779.60 779.60 779.60 779.60 779.61 779.61 779.61 
792.92 792.92 790.81 789.80 789.81 789.81 789.81 789.81 789.81 789.82 789.82 789.82 789.82 789.82 789.82 789.82 789.83 789.83 789.83 
802.34 802.34 799.93 799.08 799.08 799.08 799.08 799.09 799.09 799.09 799.09 799.09 799.09 799.09 799.10 799.09 799.09 
811.64 811.64 808.99 808.32 808.32 808.32 808.32 808.33 808.33 808.33 808.33 808.33 808.33 808.33 808.33 808.33 
820.07 820.07 817.11 816.63 816.64 816.64 816.64 816.64 816.64 816.64 816.64 816.64 816.65 816.65 816.65 
827.45 827.45 824.22 823.94 823.94 823.94 823.95 823.95 823.95 823.95 823.95 823.95 823.95 
834.88 834.88 831.34 831.28 831.28 831.28 831.28 831.28 831.28 831.28 831.28 831.28 
842.27 842.27 838.64 838.64 838.64 838.64 838.64 838.64 838.64 838.64 
846.59 846.59 842.95 842.95 842.95 842.95 842.95 842.95 
851.76 851.76 849.17 849.17 849.16 849.16 
856.74 856.74 
