-6.12 -0.12 -0.04 
-21.07 -15.07 -9.06 -3.04 0.00 
-31.13 -26.41 -19.00 -12.99 -6.98 -0.98 0.00 
-37.75 -33.04 -25.52 -19.51 -13.50 -7.50 -1.49 0.00 
-46.96 -42.96 -34.45 -28.44 -22.44 -16.43 -10.43 -4.42 0.00 
-54.34 -50.53 -41.57 -35.57 -29.56 -23.56 -17.55 -11.55 -5.54 0.00 
-59.54 -54.79 -46.91 -40.91 -34.90 -28.90 -22.89 -16.89 -10.88 -4.87 0.00 
-68.10 -64.96 -54.83 -48.82 -42.82 -36.82 -30.81 -24.81 -18.80 -12.80 -6.80 -0.79 0.00 
-74.96 -72.29 -61.28 -55.28 -49.27 -43.27 -37.27 -31.26 -25.26 -19.25 -13.25 -7.25 -1.24 0.00 
-80.57 -77.91 -66.65 -60.65 -54.64 -48.64 -42.63 -36.63 -30.63 -24.62 -18.62 -12.61 -6.61 -0.61 0.00 
-86.05 -83.39 -71.90 -65.90 -59.90 -53.90 -47.89 -41.89 -35.88 -29.88 -23.87 -17.87 -11.87 -5.85 0.00 
-90.96 -88.30 -76.59 -70.59 -64.59 -58.58 -52.58 -46.57 -40.57 -34.56 -28.56 -22.55 -16.55 -10.55 -4.53 0.00 
-95.86 -93.19 -81.40 -75.27 -69.27 -63.27 -57.26 -51.26 -45.25 -39.25 -33.24 -27.24 -21.24 -15.23 -9.23 -3.22 0.00 
-100.83 -98.12 -86.33 -80.01 -74.01 -68.01 -62.00 -56.00 -50.00 -43.99 -37.99 -31.98 -25.98 -19.97 -13.97 -7.97 -1.96 0.00 
-105.63 -102.88 -91.13 -84.61 -78.60 -72.60 -66.60 -60.59 -54.59 -48.59 -42.58 -36.58 -30.57 -24.57 -18.56 -12.56 -6.56 -0.56 0.00 
-110.51 -107.88 -96.19 -89.21 -83.21 -77.21 -71.20 -65.20 -59.19 -53.19 -47.18 -41.18 -35.18 -29.17 -23.17 -17.17 -11.16 -5.14 0.00 
-115.42 -113.21 -101.60 -93.86 -87.86 -81.86 -75.85 -69.85 -63.85 -57.84 -51.84 -45.83 -39.82 -33.82 -27.82 -21.81 -15.81 -9.81 -3.79 0.00 
-120.22 -118.35 -107.11 -98.50 -92.50 -86.50 -80.50 -74.49 -68.49 -62.49 -56.48 -50.47 -44.47 -38.47 -32.46 -26.46 -20.45 -14.45 -8.45 -2.44 0.00 
-124.03 -122.18 -111.18 -102.16 -96.16 -90.15 -84.15 -78.15 -72.14 -66.14 -60.14 -54.13 -48.12 -42.12 -36.12 -30.11 -24.11 -18.11 -12.10 -6.10 -0.10 0.00 
-127.53 -125.63 -114.87 -105.56 -99.56 -93.56 -87.55 -81.55 -75.55 -69.54 -63.54 -57.53 -51.53 -45.52 -39.52 -33.51 -27.51 -21.51 -15.50 -9.50 -3.49 0.00 
-131.08 -129.12 -118.57 -108.96 -102.96 -96.96 -90.95 -84.95 -78.95 -72.94 -66.94 -60.93 -54.93 -48.92 -42.92 -36.91 -30.91 -24.91 -18.90 -12.90 -6.90 -0.89 0.00 
-134.04 -132.02 -121.68 -111.89 -105.81 -99.81 -93.81 -87.80 -81.80 -75.80 -69.79 -63.79 -57.78 -51.78 -45.77 -39.77 -33.76 -27.76 -21.76 -15.75 -9.75 -3.73 0.00 
-136.86 -134.79 -124.74 -114.95 -108.66 -102.66 -96.66 -90.65 -84.65 -78.65 -72.64 -66.64 -60.63 -54.63 -48.62 -42.62 -36.61 -30.61 -24.60 -18.60 -12.60 -6.60 -0.59 0.00 
-139.73 -137.61 -127.82 -118.01 -111.51 -105.51 -99.51 -93.50 -87.50 -81.50 -75.49 -69.49 -63.48 -57.48 -51.47 -45.47 -39.46 -33.46 -27.45 -21.45 -15.45 -9.45 -3.43 0.00 
-142.15 -139.98 -130.41 -120.64 -113.92 -107.92 -101.92 -95.92 -89.91 -83.91 -77.90 -71.90 -65.89 -59.89 -53.88 -47.88 -41.87 -35.87 -29.87 -23.86 -17.86 -11.86 -5.83 0.00 
-144.49 -142.27 -132.96 -123.24 -116.30 -110.30 -104.30 -98.30 -92.29 -86.29 -80.28 -74.28 -68.27 -62.27 -56.26 -50.26 -44.25 -38.25 -32.24 -26.24 -20.24 -14.24 -8.23 -2.22 0.00 
-146.85 -144.58 -135.52 -125.83 -118.68 -112.68 -106.68 -100.67 -94.67 -88.67 -82.66 -76.66 -70.65 -64.65 -58.64 -52.64 -46.63 -40.63 -34.62 -28.62 -22.61 -16.61 -10.61 -4.59 0.00 
-149.02 -146.71 -137.85 -128.21 -120.85 -114.85 -108.85 -102.85 -96.84 -90.84 -84.84 -78.83 -72.83 -66.82 -60.81 -54.81 -48.80 -42.80 -36.79 -30.79 -24.79 -18.78 -12.78 -6.78 -0.78 0.00 
-150.98 -148.64 -139.97 -130.40 -122.84 -116.84 -110.84 -104.84 -98.83 -92.83 -86.83 -80.82 -74.82 -68.81 -62.80 -56.80 -50.79 -44.79 -38.79 -32.78 -26.78 -20.78 -14.77 -8.77 -2.75 0.00 
-152.91 -150.54 -142.08 -132.61 -124.83 -118.83 -112.83 -106.83 -100.82 -94.82 -88.82 -82.81 -76.81 -70.80 -64.80 -58.79 -52.78 -46.78 -40.78 -34.77 -28.77 -22.77 -16.76 -10.76 -4.74 0.00 
-154.87 -152.45 -144.20 -134.82 -126.82 -120.82 -114.82 -108.82 -102.82 -96.81 -90.81 -84.80 -78.80 -72.79 -66.79 -60.78 -54.78 -48.77 -42.77 -36.76 -30.76 -24.76 -18.75 -12.75 -6.75 -0.74 0.00 
-156.61 -154.17 -146.07 -136.78 -128.59 -122.59 -116.58 -110.58 -104.58 -98.58 -92.57 -86.57 -80.56 -74.56 -68.55 -62.54 -56.54 -50.53 -44.53 -38.53 -32.52 -26.52 -20.52 -14.51 -8.51 -2.50 0.00 
-158.25 -155.80 -147.84 -138.64 -130.27 -124.27 -118.27 -112.26 -106.26 -100.26 -94.25 -88.25 -82.24 -76.24 -70.23 -64.23 -58.22 -52.22 -46.21 -40.21 -34.20 -28.20 -22.20 -16.19 -10.19 -4.17 0.00 
-159.88 -157.40 -149.62 -140.51 -131.95 -125.95 -119.95 -113.94 -107.94 -101.94 -95.93 -89.93 -83.93 -77.92 -71.91 -65.91 -59.90 -53.90 -47.89 -41.89 -35.88 -29.88 -23.88 -17.88 -11.87 -5.84 0.00 
-161.52 -159.02 -151.40 -142.38 -133.63 -127.63 -121.63 -115.63 -109.62 -103.62 -97.62 -91.61 -85.61 -79.60 -73.60 -67.59 -61.59 -55.58 -49.57 -43.57 -37.57 -31.56 -25.56 -19.56 -13.56 -7.55 -1.54 0.00 
-163.06 -160.54 -153.05 -144.11 -135.20 -129.20 -123.19 -117.19 -111.19 -105.19 -99.18 -93.18 -87.17 -81.17 -75.16 -69.16 -63.15 -57.15 -51.14 -45.14 -39.13 -33.13 -27.13 -21.12 -15.12 -9.12 -3.10 0.00 
-164.47 -161.95 -154.56 -145.70 -136.63 -130.63 -124.63 -118.63 -112.63 -106.63 -100.62 -94.62 -88.61 -82.61 -76.60 -70.60 -64.59 -58.59 -52.58 -46.58 -40.57 -34.57 -28.56 -22.56 -16.56 -10.56 -4.53 0.00 
-165.88 -163.35 -156.07 -147.28 -138.07 -132.07 -126.07 -120.07 -114.07 -108.06 -102.06 -96.06 -90.05 -84.05 -78.04 -72.04 -66.03 -60.03 -54.02 -48.02 -42.01 -36.01 -30.00 -24.00 -18.00 -12.00 -5.97 0.00 
-167.27 -164.73 -157.58 -148.88 -139.51 -133.51 -127.51 -121.51 -115.51 -109.50 -103.50 -97.50 -91.49 -85.49 -79.48 -73.48 -67.47 -61.46 -55.46 -49.46 -43.45 -37.45 -31.44 -25.44 -19.44 -13.44 -7.44 -1.42 0.00 
-168.68 -166.13 -158.99 -150.44 -141.08 -134.95 -128.95 -122.95 -116.95 -110.94 -104.94 -98.93 -92.93 -86.93 -80.92 -74.92 -68.91 -62.90 -56.90 -50.89 -44.89 -38.89 -32.88 -26.88 -20.88 -14.87 -8.87 -2.85 0.00 
-169.96 -167.40 -160.25 -151.83 -142.51 -136.25 -130.25 -124.24 -118.24 -112.24 -106.24 -100.23 -94.23 -88.22 -82.22 -76.21 -70.21 -64.20 -58.20 -52.19 -46.19 -40.18 -34.18 -28.18 -22.17 -16.17 -10.17 -4.14 0.00 
-171.18 -168.62 -161.44 -153.14 -143.88 -137.49 -131.49 -125.48 -119.48 -113.48 -107.48 -101.47 -95.47 -89.46 -83.46 -77.45 -71.45 -65.44 -59.44 -53.43 -47.43 -41.42 -35.42 -29.42 -23.41 -17.41 -11.41 -5.38 0.00 
-172.39 -169.84 -162.63 -154.46 -145.24 -138.73 -132.73 -126.72 -120.72 -114.72 -108.72 -102.71 -96.71 -90.70 -84.70 -78.69 -72.69 -66.68 -60.68 -54.67 -48.67 -42.66 -36.66 -30.66 -24.65 -18.65 -12.65 -6.65 -0.64 0.00 
-173.60 -171.05 -163.83 -155.78 -146.61 -139.97 -133.97 -127.96 -121.96 -115.96 -109.96 -103.95 -97.95 -91.94 -85.94 -79.93 -73.93 -67.92 -61.92 -55.91 -49.91 -43.90 -37.90 -31.90 -25.89 -19.89 -13.89 -7.89 -1.87 0.00 
-174.82 -172.26 -165.03 -157.10 -147.98 -141.21 -135.20 -129.20 -123.20 -117.20 -111.20 -105.19 -99.19 -93.18 -87.18 -81.17 -75.17 -69.16 -63.16 -57.15 -51.15 -45.14 -39.14 -33.14 -27.13 -21.13 -15.13 -9.13 -3.11 0.00 
-175.95 -173.39 -166.14 -158.32 -149.25 -142.35 -136.35 -130.35 -124.35 -118.34 -112.34 -106.34 -100.33 -94.33 -88.32 -82.32 -76.31 -70.31 -64.30 -58.30 -52.29 -46.29 -40.28 -34.28 -28.28 -22.28 -16.27 -10.27 -4.25 0.00 
-177.00 -174.45 -167.18 -159.45 -150.41 -143.41 -137.41 -131.41 -125.41 -119.41 -113.40 -107.40 -101.39 -95.39 -89.39 -83.38 -77.38 -71.37 -65.36 -59.36 -53.35 -47.35 -41.35 -35.34 -29.34 -23.34 -17.34 -11.33 -5.30 0.00 
-178.04 -175.50 -168.21 -160.57 -151.57 -144.47 -138.47 -132.47 -126.47 -120.47 -114.46 -108.46 -102.46 -96.45 -90.45 -84.44 -78.44 -72.43 -66.43 -60.42 -54.42 -48.41 -42.41 -36.41 -30.40 -24.40 -18.40 -12.40 -6.40 -0.39 0.00 
-179.09 -176.56 -169.23 -161.69 -152.75 -145.54 -139.54 -133.53 -127.53 -121.53 -115.53 -109.52 -103.52 -97.52 -91.51 -85.51 -79.50 -73.49 -67.49 -61.48 -55.48 -49.48 -43.47 -37.47 -31.46 -25.46 -19.46 -13.46 -7.46 -1.45 0.00 
-180.13 -177.60 -170.25 -162.80 -153.93 -146.60 -140.60 -134.60 -128.59 -122.59 -116.59 -110.58 -104.58 -98.58 -92.57 -86.57 -80.56 -74.56 -68.55 -62.55 -56.54 -50.54 -44.53 -38.53 -32.53 -26.52 -20.52 -14.52 -8.52 -2.50 0.00 
-181.18 -178.65 -171.27 -163.92 -155.10 -147.65 -141.65 -135.65 -129.65 -123.65 -117.65 -111.64 -105.64 -99.64 -93.63 -87.62 -81.62 -75.61 -69.61 -63.60 -57.60 -51.60 -45.59 -39.59 -33.58 -27.58 -21.58 -15.58 -9.58 -3.55 0.00 
-182.07 -179.56 -172.15 -164.86 -156.08 -148.55 -142.55 -136.55 -130.55 -124.54 -118.54 -112.54 -106.53 -100.53 -94.52 -88.52 -82.51 -76.51 -70.50 -64.50 -58.49 -52.49 -46.48 -40.48 -34.48 -28.47 -22.47 -16.47 -10.47 -4.44 0.00 
-182.96 -180.46 -173.02 -165.79 -157.05 -149.44 -143.44 -137.44 -131.44 -125.44 -119.43 -113.43 -107.43 -101.42 -95.42 -89.41 -83.41 -77.40 -71.40 -65.39 -59.39 -53.38 -47.38 -41.37 -35.37 -29.37 -23.37 -17.36 -11.36 -5.33 0.00 
-183.84 -181.35 -173.89 -166.73 -158.02 -150.33 -144.33 -138.33 -132.33 -126.33 -120.33 -114.32 -108.32 -102.32 -96.31 -90.30 -84.30 -78.29 -72.29 -66.29 -60.28 -54.28 -48.27 -42.27 -36.26 -30.26 -24.26 -18.26 -12.26 -6.26 -0.25 0.00 
-184.73 -182.25 -174.76 -167.67 -158.99 -151.23 -145.23 -139.23 -133.22 -127.22 -121.22 -115.22 -109.21 -103.21 -97.20 -91.20 -85.20 -79.19 -73.18 -67.18 -61.17 -55.17 -49.16 -43.16 -37.16 -31.15 -25.15 -19.15 -13.15 -7.15 -1.14 0.00 
-185.61 -183.14 -175.61 -168.60 -159.99 -152.12 -146.12 -140.12 -134.12 -128.11 -122.11 -116.11 -110.10 -104.10 -98.10 -92.09 -86.09 -80.08 -74.07 -68.07 -62.07 -56.06 -50.06 -44.05 -38.05 -32.05 -26.04 -20.04 -14.04 -8.04 -2.02 0.00 
-186.46 -184.00 -176.43 -169.47 -160.92 -152.96 -146.96 -140.96 -134.96 -128.96 -122.95 -116.95 -110.95 -104.94 -98.94 -92.93 -86.93 -80.92 -74.92 -68.91 -62.91 -56.90 -50.90 -44.90 -38.89 -32.89 -26.89 -20.89 -14.88 -8.88 -2.86 0.00 
-187.19 -184.74 -177.14 -170.22 -161.70 -153.69 -147.68 -141.68 -135.68 -129.68 -123.68 -117.67 -111.67 -105.67 -99.66 -93.66 -87.65 -81.65 -75.64 -69.64 -63.63 -57.63 -51.62 -45.62 -39.62 -33.61 -27.61 -21.61 -15.61 -9.61 -3.58 0.00 
-187.91 -185.48 -177.85 -170.97 -162.48 -154.41 -148.41 -142.41 -136.41 -130.40 -124.40 -118.40 -112.39 -106.39 -100.39 -94.38 -88.38 -82.37 -76.36 -70.36 -64.36 -58.35 -52.35 -46.34 -40.34 -34.34 -28.33 -22.33 -16.33 -10.33 -4.30 0.00 
-188.63 -186.21 -178.56 -171.73 -163.26 -155.13 -149.13 -143.13 -137.13 -131.13 -125.12 -119.12 -113.12 -107.11 -101.11 -95.10 -89.10 -83.10 -77.09 -71.09 -65.08 -59.07 -53.07 -47.07 -41.06 -35.06 -29.06 -23.06 -17.05 -11.05 -5.02 0.00 
-189.35 -186.95 -179.26 -172.48 -164.04 -155.86 -149.86 -143.85 -137.85 -131.85 -125.85 -119.85 -113.84 -107.84 -101.83 -95.83 -89.82 -83.82 -77.81 -71.81 -65.80 -59.80 -53.80 -47.79 -41.79 -35.78 -29.78 -23.78 -17.78 -11.78 -5.74 0.00 
-190.08 -187.69 -179.97 -173.23 -164.82 -156.58 -150.58 -144.58 -138.58 -132.57 -126.57 -120.57 -114.57 -108.56 -102.56 -96.55 -90.55 -84.54 -78.54 -72.53 -66.53 -60.52 -54.52 -48.52 -42.51 -36.51 -30.51 -24.50 -18.50 -12.50 -6.50 -0.50 0.00 
-190.74 -188.36 -180.60 -173.88 -165.52 -157.22 -151.22 -145.22 -139.22 -133.22 -127.21 -121.21 -115.21 -109.20 -103.20 -97.20 -91.19 -85.19 -79.18 -73.18 -67.17 -61.17 -55.16 -49.16 -43.15 -37.15 -31.15 -25.15 -19.14 -13.14 -7.14 -1.13 0.00 
-191.30 -188.95 -181.15 -174.44 -166.11 -157.77 -151.77 -145.77 -139.77 -133.77 -127.77 -121.76 -115.76 -109.76 -103.75 -97.75 -91.74 -85.74 -79.73 -73.73 -67.72 -61.72 -55.72 -49.71 -43.71 -37.70 -31.70 -25.70 -19.70 -13.70 -7.69 -1.68 0.00 
-191.86 -189.52 -181.69 -175.00 -166.69 -158.33 -152.33 -146.33 -140.32 -134.32 -128.32 -122.32 -116.31 -110.31 -104.31 -98.30 -92.30 -86.29 -80.29 -74.28 -68.28 -62.27 -56.27 -50.26 -44.26 -38.26 -32.25 -26.25 -20.25 -14.25 -8.25 -2.23 0.00 
-192.42 -190.10 -182.23 -175.56 -167.27 -158.88 -152.88 -146.88 -140.88 -134.87 -128.87 -122.87 -116.87 -110.86 -104.86 -98.85 -92.85 -86.85 -80.84 -74.83 -68.83 -62.82 -56.82 -50.82 -44.81 -38.81 -32.81 -26.80 -20.80 -14.80 -8.80 -2.78 0.00 
-192.98 -190.67 -182.78 -176.13 -167.86 -159.43 -153.43 -147.43 -141.43 -135.43 -129.42 -123.42 -117.42 -111.41 -105.41 -99.41 -93.40 -87.40 -81.39 -75.39 -69.38 -63.38 -57.37 -51.37 -45.36 -39.36 -33.36 -27.36 -21.35 -15.35 -9.35 -3.33 0.00 
-193.54 -191.25 -183.32 -176.62 -168.43 -160.06 -153.98 -147.98 -141.98 -135.98 -129.98 -123.97 -117.97 -111.97 -105.96 -99.96 -93.95 -87.95 -81.94 -75.94 -69.93 -63.93 -57.92 -51.92 -45.92 -39.91 -33.91 -27.91 -21.91 -15.90 -9.90 -3.88 0.00 
-194.02 -191.75 -183.79 -177.04 -168.89 -160.57 -154.44 -148.44 -142.44 -136.44 -130.43 -124.43 -118.43 -112.42 -106.42 -100.42 -94.41 -88.41 -82.40 -76.40 -70.39 -64.39 -58.38 -52.38 -46.38 -40.37 -34.37 -28.37 -22.36 -16.36 -10.36 -4.33 0.00 
-194.44 -192.19 -184.19 -177.37 -169.29 -161.03 -154.84 -148.84 -142.84 -136.84 -130.84 -124.83 -118.83 -112.83 -106.82 -100.82 -94.81 -88.81 -82.80 -76.80 -70.80 -64.79 -58.79 -52.78 -46.78 -40.77 -34.77 -28.77 -22.77 -16.76 -10.76 -4.73 0.00 
-194.85 -192.62 -184.59 -177.71 -169.70 -161.49 -155.24 -149.24 -143.24 -137.24 -131.24 -125.24 -119.23 -113.23 -107.23 -101.22 -95.22 -89.21 -83.21 -77.20 -71.20 -65.19 -59.19 -53.18 -47.18 -41.18 -35.17 -29.17 -23.17 -17.17 -11.17 -5.14 0.00 
-195.27 -193.05 -184.99 -178.05 -170.10 -161.95 -155.65 -149.65 -143.65 -137.64 -131.64 -125.64 -119.64 -113.63 -107.63 -101.62 -95.62 -89.62 -83.61 -77.60 -71.60 -65.59 -59.59 -53.59 -47.58 -41.58 -35.58 -29.57 -23.57 -17.57 -11.57 -5.54 0.00 
-195.68 -193.48 -185.39 -178.40 -170.50 -162.41 -156.05 -150.05 -144.05 -138.05 -132.04 -126.04 -120.04 -114.03 -108.03 -102.03 -96.02 -90.02 -84.01 -78.00 -72.00 -66.00 -59.99 -53.99 -47.98 -41.98 -35.98 -29.97 -23.97 -17.97 -11.97 -5.94 0.00 
-196.09 -193.92 -185.78 -178.74 -170.91 -162.88 -156.45 -150.45 -144.45 -138.45 -132.44 -126.44 -120.44 -114.43 -108.43 -102.43 -96.42 -90.42 -84.41 -78.41 -72.40 -66.40 -60.39 -54.39 -48.39 -42.38 -36.38 -30.38 -24.37 -18.37 -12.37 -6.37 -0.37 0.00 
-196.41 -194.26 -186.11 -179.03 -171.19 -163.19 -156.76 -150.76 -144.75 -138.75 -132.75 -126.75 -120.74 -114.74 -108.74 -102.73 -96.73 -90.72 -84.72 -78.71 -72.71 -66.70 -60.70 -54.70 -48.69 -42.69 -36.68 -30.68 -24.68 -18.68 -12.68 -6.68 -0.67 0.00 
-196.71 -194.57 -186.40 -179.27 -171.46 -163.48 -157.03 -151.03 -145.03 -139.03 -133.03 -127.02 -121.02 -115.02 -109.01 -103.01 -97.00 -91.00 -85.00 -78.99 -72.99 -66.98 -60.97 -54.97 -48.97 -42.96 -36.96 -30.96 -24.96 -18.95 -12.95 -6.95 -0.94 0.00 
-197.00 -194.88 -186.68 -179.49 -171.73 -163.80 -157.31 -151.31 -145.31 -139.31 -133.30 -127.30 -121.30 -115.29 -109.29 -103.29 -97.28 -91.28 -85.27 -79.27 -73.26 -67.26 -61.25 -55.25 -49.24 -43.24 -37.24 -31.24 -25.23 -19.23 -13.23 -7.23 -1.22 0.00 
-197.28 -195.19 -186.96 -179.71 -171.99 -164.12 -157.59 -151.59 -145.58 -139.58 -133.58 -127.58 -121.58 -115.57 -109.57 -103.56 -97.56 -91.56 -85.55 -79.54 -73.54 -67.53 -61.53 -55.53 -49.52 -43.52 -37.52 -31.51 -25.51 -19.51 -13.51 -7.51 -1.49 0.00 
-197.57 -195.50 -187.24 -179.93 -172.26 -164.44 -157.86 -151.86 -145.86 -139.86 -133.86 -127.85 -121.85 -115.85 -109.84 -103.84 -97.84 -91.83 -85.83 -79.82 -73.82 -67.81 -61.81 -55.80 -49.80 -43.80 -37.79 -31.79 -25.79 -19.79 -13.78 -7.78 -1.77 0.00 
-197.86 -195.80 -187.55 -180.17 -172.55 -164.78 -158.16 -152.16 -146.15 -140.15 -134.15 -128.15 -122.15 -116.14 -110.14 -104.13 -98.13 -92.13 -86.12 -80.11 -74.11 -68.11 -62.10 -56.10 -50.09 -44.09 -38.09 -32.08 -26.08 -20.08 -14.08 -8.08 -2.06 0.00 
-198.05 -196.02 -187.73 -180.33 -172.68 -164.93 -158.32 -152.32 -146.32 -140.32 -134.32 -128.31 -122.31 -116.31 -110.30 -104.30 -98.30 -92.29 -86.29 -80.28 -74.28 -68.27 -62.27 -56.26 -50.26 -44.26 -38.25 -32.25 -26.25 -20.25 -14.24 -8.24 -2.23 0.00 
-198.24 -196.22 -187.93 -180.51 -172.82 -165.08 -158.50 -152.50 -146.50 -140.50 -134.49 -128.49 -122.49 -116.48 -110.48 -104.48 -98.47 -92.47 -86.46 -80.46 -74.45 -68.45 -62.44 -56.44 -50.44 -44.43 -38.43 -32.43 -26.42 -20.42 -14.42 -8.42 -2.40 0.00 
-198.42 -196.43 -188.13 -180.63 -172.98 -165.28 -158.67 -152.67 -146.67 -140.67 -134.67 -128.67 -122.66 -116.66 -110.65 -104.65 -98.65 -92.64 -86.64 -80.63 -74.63 -68.62 -62.62 -56.62 -50.61 -44.61 -38.61 -32.60 -26.60 -20.60 -14.60 -8.60 -2.58 0.00 
-198.60 -196.62 -188.31 -180.76 -173.14 -165.48 -158.85 -152.85 -146.85 -140.85 -134.84 -128.84 -122.84 -116.84 -110.83 -104.83 -98.82 -92.82 -86.82 -80.81 -74.80 -68.80 -62.79 -56.79 -50.79 -44.78 -38.78 -32.78 -26.78 -20.77 -14.77 -8.77 -2.75 0.00 
-198.79 -196.82 -188.50 -180.88 -173.29 -165.68 -159.02 -153.02 -147.02 -141.02 -135.02 -129.02 -123.02 -117.01 -111.01 -105.00 -99.00 -92.99 -86.99 -80.98 -74.98 -68.98 -62.97 -56.97 -50.96 -44.96 -38.96 -32.95 -26.95 -20.95 -14.95 -8.95 -2.93 0.00 
-198.96 -197.01 -188.69 -181.01 -173.44 -165.87 -159.19 -153.19 -147.19 -141.19 -135.19 -129.18 -123.18 -117.18 -111.17 -105.17 -99.17 -93.16 -87.16 -81.15 -75.15 -69.14 -63.14 -57.14 -51.13 -45.13 -39.12 -33.12 -27.12 -21.12 -15.12 -9.11 -3.09 0.00 
-199.07 -197.13 -188.82 -181.11 -173.50 -165.94 -159.29 -153.29 -147.29 -141.29 -135.29 -129.28 -123.28 -117.28 -111.27 -105.27 -99.26 -93.26 -87.26 -81.25 -75.25 -69.24 -63.24 -57.24 -51.23 -45.23 -39.22 -33.22 -27.22 -21.22 -15.22 -9.21 -3.19 0.00 
-199.17 -197.25 -188.95 -181.21 -173.57 -166.01 -159.39 -153.39 -147.39 -141.38 -135.38 -129.38 -123.38 -117.37 -111.37 -105.37 -99.36 -93.36 -87.36 -81.35 -75.34 -69.34 -63.33 -57.33 -51.33 -45.32 -39.32 -33.32 -27.32 -21.31 -15.31 -9.31 -3.29 0.00 
-199.26 -197.37 -189.07 -181.29 -173.64 -166.10 -159.48 -153.48 -147.48 -141.48 -135.48 -129.48 -123.48 -117.47 -111.47 -105.47 -99.46 -93.45 -87.45 -81.44 -75.44 -69.44 -63.43 -57.43 -51.42 -45.42 -39.42 -33.42 -27.41 -21.41 -15.41 -9.41 -3.39 0.00 
-199.36 -197.48 -189.19 -181.35 -173.71 -166.21 -159.58 -153.58 -147.58 -141.58 -135.58 -129.57 -123.57 -117.57 -111.56 -105.56 -99.56 -93.55 -87.55 -81.54 -75.54 -69.53 -63.53 -57.53 -51.52 -45.52 -39.52 -33.51 -27.51 -21.51 -15.51 -9.51 -3.48 0.00 
-199.46 -197.60 -189.31 -181.40 -173.78 -166.32 -159.68 -153.68 -147.68 -141.67 -135.67 -129.67 -123.67 -117.66 -111.66 -105.66 -99.65 -93.65 -87.65 -81.64 -75.63 -69.63 -63.63 -57.62 -51.62 -45.61 -39.61 -33.61 -27.61 -21.61 -15.60 -9.60 -3.58 0.00 
-199.55 -197.70 -189.41 -181.46 -173.84 -166.40 -159.76 -153.76 -147.76 -141.76 -135.76 -129.75 -123.75 -117.75 -111.74 -105.74 -99.74 -93.73 -87.73 -81.72 -75.72 -69.71 -63.71 -57.71 -51.70 -45.70 -39.70 -33.69 -27.69 -21.69 -15.69 -9.69 -3.66 0.00 
-199.58 -197.75 -189.48 -181.50 -173.84 -166.40 -159.79 -153.79 -147.79 -141.79 -135.79 -129.78 -123.78 -117.78 -111.77 -105.77 -99.77 -93.76 -87.76 -81.75 -75.75 -69.75 -63.74 -57.74 -51.73 -45.73 -39.73 -33.72 -27.72 -21.72 -15.72 -9.72 -3.70 0.00 
-199.61 -197.79 -189.54 -181.54 -173.84 -166.41 -159.82 -153.82 -147.82 -141.82 -135.82 -129.82 -123.82 -117.81 -111.81 -105.81 -99.80 -93.79 -87.79 -81.78 -75.78 -69.78 -63.77 -57.77 -51.77 -45.76 -39.76 -33.76 -27.76 -21.75 -15.75 -9.75 -3.73 0.00 
-199.63 -197.84 -189.60 -181.57 -173.85 -166.42 -159.86 -153.85 -147.85 -141.85 -135.85 -129.85 -123.85 -117.84 -111.84 -105.84 -99.83 -93.83 -87.83 -81.82 -75.81 -69.81 -63.80 -57.80 -51.80 -45.79 -39.79 -33.79 -27.79 -21.79 -15.78 -9.78 -3.76 0.00 
-199.67 -197.89 -189.66 -181.57 -173.85 -166.46 -159.89 -153.89 -147.89 -141.88 -135.88 -129.88 -123.88 -117.88 -111.87 -105.87 -99.86 -93.86 -87.86 -81.85 -75.85 -69.84 -63.84 -57.84 -51.83 -45.83 -39.83 -33.82 -27.82 -21.82 -15.82 -9.82 -3.79 0.00 
-199.70 -197.94 -189.72 -181.58 -173.85 -166.49 -159.92 -153.92 -147.92 -141.92 -135.91 -129.91 -123.91 -117.91 -111.90 -105.90 -99.90 -93.89 -87.89 -81.88 -75.88 -69.88 -63.87 -57.87 -51.86 -45.86 -39.86 -33.86 -27.85 -21.85 -15.85 -9.85 -3.83 0.00 
-199.70 -197.95 -189.75 -181.57 -173.83 -166.48 -159.92 -153.92 -147.92 -141.92 -135.92 -129.91 -123.91 -117.91 -111.90 -105.90 -99.90 -93.89 -87.89 -81.88 -75.88 -69.88 -63.87 -57.87 -51.87 -45.86 -39.86 -33.86 -27.86 -21.85 -15.85 -9.85 -3.83 0.00 
-199.64 -197.91 -189.73 -181.53 -173.75 -166.40 -159.87 -153.87 -147.87 -141.87 -135.87 -129.86 -123.86 -117.86 -111.85 -105.85 -99.85 -93.84 -87.84 -81.83 -75.83 -69.83 -63.82 -57.82 -51.82 -45.81 -39.81 -33.81 -27.81 -21.80 -15.80 -9.80 -3.78 0.00 
-199.58 -197.87 -189.70 -181.49 -173.68 -166.32 -159.82 -153.82 -147.82 -141.82 -135.81 -129.81 -123.81 -117.81 -111.80 -105.80 -99.79 -93.79 -87.79 -81.78 -75.78 -69.78 -63.77 -57.77 -51.77 -45.76 -39.76 -33.76 -27.76 -21.75 -15.75 -9.75 -3.73 0.00 
-199.52 -197.83 -189.67 -181.44 -173.60 -166.26 -159.77 -153.77 -147.77 -141.76 -135.76 -129.76 -123.76 -117.76 -111.75 -105.75 -99.75 -93.74 -87.74 -81.73 -75.73 -69.73 -63.72 -57.72 -51.72 -45.71 -39.71 -33.71 -27.71 -21.70 -15.70 -9.70 -3.68 0.00 
-199.47 -197.80 -189.66 -181.37 -173.52 -166.20 -159.72 -153.71 -147.71 -141.71 -135.71 -129.71 -123.71 -117.71 -111.70 -105.70 -99.70 -93.69 -87.69 -81.68 -75.68 -69.68 -63.67 -57.67 -51.67 -45.66 -39.66 -33.66 -27.66 -21.65 -15.65 -9.65 -3.63 0.00 
-199.41 -197.76 -189.64 -181.30 -173.44 -166.14 -159.67 -153.66 -147.66 -141.66 -135.66 -129.66 -123.66 -117.65 -111.65 -105.65 -99.64 -93.64 -87.64 -81.63 -75.63 -69.63 -63.62 -57.62 -51.62 -45.61 -39.61 -33.61 -27.61 -21.60 -15.60 -9.60 -3.58 0.00 
-199.30 -197.66 -189.55 -181.19 -173.30 -166.02 -159.56 -153.56 -147.56 -141.55 -135.55 -129.55 -123.55 -117.55 -111.54 -105.54 -99.54 -93.53 -87.53 -81.52 -75.52 -69.52 -63.51 -57.51 -51.51 -45.50 -39.50 -33.50 -27.50 -21.50 -15.50 -9.50 -3.48 0.00 
-199.13 -197.50 -189.41 -181.04 -173.12 -165.84 -159.40 -153.40 -147.40 -141.40 -135.39 -129.39 -123.39 -117.39 -111.38 -105.38 -99.38 -93.37 -87.37 -81.36 -75.36 -69.36 -63.35 -57.36 -51.35 -45.35 -39.34 -33.34 -27.34 -21.34 -15.34 -9.34 -3.32 0.00 
-198.97 -197.35 -189.27 -180.89 -172.94 -165.66 -159.24 -153.24 -147.24 -141.24 -135.23 -129.23 -123.23 -117.23 -111.22 -105.22 -99.22 -93.21 -87.21 -81.21 -75.20 -69.20 -63.19 -57.20 -51.19 -45.19 -39.19 -33.18 -27.18 -21.18 -15.18 -9.18 -3.16 0.00 
-198.80 -197.20 -189.13 -180.74 -172.75 -165.48 -159.08 -153.08 -147.08 -141.08 -135.08 -129.07 -123.07 -117.07 -111.06 -105.06 -99.06 -93.06 -87.05 -81.05 -75.05 -69.04 -63.04 -57.04 -51.03 -45.03 -39.03 -33.03 -27.02 -21.02 -15.02 -9.02 -3.00 0.00 
-198.64 -197.05 -189.00 -180.57 -172.57 -165.31 -158.92 -152.92 -146.92 -140.92 -134.92 -128.91 -122.91 -116.91 -110.90 -104.90 -98.90 -92.90 -86.89 -80.89 -74.89 -68.88 -62.88 -56.88 -50.87 -44.87 -38.87 -32.87 -26.87 -20.86 -14.86 -8.86 -2.85 0.00 
-198.48 -196.91 -188.87 -180.41 -172.38 -165.13 -158.76 -152.76 -146.76 -140.76 -134.76 -128.75 -122.75 -116.75 -110.75 -104.74 -98.74 -92.74 -86.74 -80.73 -74.73 -68.72 -62.72 -56.72 -50.72 -44.71 -38.71 -32.71 -26.71 -20.71 -14.70 -8.70 -2.69 0.00 
-198.23 -196.66 -188.63 -180.16 -172.11 -164.86 -158.51 -152.51 -146.51 -140.51 -134.51 -128.50 -122.50 -116.50 -110.50 -104.49 -98.49 -92.49 -86.49 -80.48 -74.48 -68.47 -62.47 -56.47 -50.47 -44.46 -38.46 -32.46 -26.46 -20.46 -14.46 -8.46 -2.44 0.00 
-197.93 -196.37 -188.34 -179.87 -171.80 -164.56 -158.22 -152.22 -146.21 -140.21 -134.21 -128.21 -122.21 -116.20 -110.20 -104.20 -98.20 -92.20 -86.19 -80.19 -74.19 -68.18 -62.18 -56.18 -50.17 -44.17 -38.17 -32.17 -26.17 -20.16 -14.16 -8.16 -2.15 0.00 
-197.63 -196.08 -188.06 -179.59 -171.48 -164.24 -157.92 -151.92 -145.92 -139.92 -133.92 -127.92 -121.92 -115.91 -109.91 -103.91 -97.90 -91.90 -85.90 -79.89 -73.89 -67.89 -61.88 -55.89 -49.88 -43.88 -37.88 -31.87 -25.87 -19.87 -13.87 -7.87 -1.86 0.00 
-197.34 -195.79 -187.79 -179.30 -171.16 -163.92 -157.63 -151.63 -145.63 -139.63 -133.63 -127.62 -121.62 -115.62 -109.62 -103.62 -97.61 -91.61 -85.61 -79.60 -73.60 -67.60 -61.59 -55.59 -49.59 -43.59 -37.59 -31.58 -25.58 -19.58 -13.58 -7.58 -1.57 0.00 
-197.05 -195.51 -187.52 -179.02 -170.84 -163.60 -157.33 -151.33 -145.33 -139.33 -133.33 -127.33 -121.33 -115.33 -109.32 -103.32 -97.32 -91.32 -85.31 -79.31 -73.31 -67.30 -61.30 -55.30 -49.30 -43.29 -37.29 -31.29 -25.29 -19.29 -13.29 -7.29 -1.28 0.00 
-196.76 -195.23 -187.24 -178.73 -170.52 -163.28 -157.04 -151.04 -145.04 -139.04 -133.04 -127.04 -121.03 -115.03 -109.03 -103.03 -97.02 -91.02 -85.02 -79.01 -73.01 -67.01 -61.01 -55.01 -49.00 -43.00 -37.00 -31.00 -25.00 -18.99 -12.99 -6.99 -0.99 0.00 
-196.33 -194.80 -186.81 -178.29 -170.08 -162.85 -156.62 -150.62 -144.62 -138.61 -132.61 -126.61 -120.61 -114.61 -108.61 -102.60 -96.60 -90.60 -84.59 -78.59 -72.59 -66.59 -60.58 -54.58 -48.58 -42.58 -36.58 -30.57 -24.57 -18.57 -12.57 -6.57 -0.57 0.00 
-195.88 -194.35 -186.35 -177.86 -169.61 -162.37 -156.16 -150.16 -144.16 -138.16 -132.16 -126.16 -120.16 -114.15 -108.15 -102.15 -96.15 -90.15 -84.14 -78.14 -72.14 -66.13 -60.13 -54.13 -48.13 -42.13 -36.12 -30.12 -24.12 -18.12 -12.12 -6.12 -0.12 0.00 
-195.43 -193.90 -185.90 -177.43 -169.13 -161.88 -155.71 -149.71 -143.71 -137.71 -131.71 -125.70 -119.70 -113.70 -107.70 -101.70 -95.69 -89.69 -83.69 -77.68 -71.69 -65.68 -59.68 -53.68 -47.67 -41.67 -35.67 -29.67 -23.67 -17.67 -11.67 -5.65 0.00 
-194.99 -193.45 -185.45 -176.99 -168.65 -161.40 -155.26 -149.26 -143.25 -137.25 -131.25 -125.25 -119.25 -113.25 -107.25 -101.25 -95.24 -89.24 -83.24 -77.23 -71.23 -65.23 -59.22 -53.22 -47.22 -41.22 -35.22 -29.22 -23.22 -17.21 -11.22 -5.20 0.00 
-194.55 -193.01 -185.01 -176.55 -168.17 -160.91 -154.80 -148.80 -142.80 -136.80 -130.80 -124.80 -118.80 -112.79 -106.79 -100.79 -94.79 -88.79 -82.78 -76.78 -70.78 -64.78 -58.77 -52.77 -46.77 -40.77 -34.77 -28.76 -22.76 -16.76 -10.76 -4.75 0.00 
-194.10 -192.56 -184.56 -176.11 -167.69 -160.42 -154.35 -148.35 -142.35 -136.35 -130.35 -124.34 -118.34 -112.34 -106.34 -100.34 -94.33 -88.33 -82.33 -76.33 -70.33 -64.32 -58.32 -52.32 -46.32 -40.32 -34.31 -28.31 -22.31 -16.31 -10.31 -4.29 0.00 
-193.48 -191.92 -183.91 -175.50 -167.05 -159.76 -153.72 -147.72 -141.72 -135.72 -129.72 -123.72 -117.72 -111.72 -105.72 -99.71 -93.71 -87.71 -81.70 -75.70 -69.70 -63.70 -57.70 -51.69 -45.69 -39.69 -33.69 -27.69 -21.69 -15.69 -9.69 -3.67 0.00 
-192.86 -191.29 -183.27 -174.90 -166.40 -159.09 -153.09 -147.09 -141.09 -135.09 -129.09 -123.09 -117.09 -111.08 -105.09 -99.08 -93.08 -87.08 -81.07 -75.07 -69.07 -63.07 -57.07 -51.06 -45.06 -39.06 -33.06 -27.06 -21.06 -15.06 -9.06 -3.04 0.00 
-192.25 -190.65 -182.64 -174.25 -165.74 -158.46 -152.46 -146.46 -140.46 -134.46 -128.46 -122.46 -116.46 -110.45 -104.46 -98.45 -92.45 -86.45 -80.44 -74.44 -68.44 -62.44 -56.44 -50.43 -44.43 -38.43 -32.43 -26.43 -20.43 -14.43 -8.43 -2.42 0.00 
-191.64 -190.02 -182.01 -173.60 -165.08 -157.83 -151.83 -145.83 -139.83 -133.83 -127.83 -121.83 -115.83 -109.82 -103.82 -97.82 -91.82 -85.82 -79.81 -73.81 -67.81 -61.81 -55.81 -49.80 -43.80 -37.80 -31.80 -25.80 -19.80 -13.80 -7.80 -1.79 0.00 
-191.02 -189.38 -181.35 -172.95 -164.45 -157.20 -151.20 -145.20 -139.20 -133.20 -127.20 -121.20 -115.20 -109.19 -103.19 -97.19 -91.19 -85.19 -79.18 -73.18 -67.18 -61.18 -55.18 -49.17 -43.17 -37.17 -31.17 -25.17 -19.17 -13.17 -7.17 -1.16 0.00 
-190.38 -188.71 -180.68 -172.27 -163.79 -156.55 -150.55 -144.55 -138.55 -132.55 -126.54 -120.54 -114.54 -108.54 -102.54 -96.54 -90.53 -84.53 -78.53 -72.53 -66.53 -60.52 -54.52 -48.52 -42.52 -36.52 -30.52 -24.52 -18.52 -12.52 -6.52 -0.51 0.00 
-189.59 -187.88 -179.84 -171.44 -162.98 -155.75 -149.74 -143.74 -137.74 -131.74 -125.74 -119.74 -113.74 -107.74 -101.74 -95.73 -89.73 -83.73 -77.73 -71.73 -65.72 -59.72 -53.72 -47.72 -41.72 -35.72 -29.72 -23.72 -17.71 -11.71 -5.70 0.00 
-188.81 -187.07 -179.00 -170.61 -162.18 -154.94 -148.94 -142.94 -136.94 -130.94 -124.94 -118.94 -112.94 -106.94 -100.94 -94.93 -88.93 -82.93 -76.93 -70.93 -64.92 -58.92 -52.92 -46.92 -40.92 -34.92 -28.92 -22.92 -16.91 -10.91 -4.90 0.00 
-188.03 -186.25 -178.17 -169.77 -161.37 -154.14 -148.14 -142.14 -136.14 -130.14 -124.14 -118.14 -112.14 -106.13 -100.14 -94.13 -88.13 -82.13 -76.12 -70.13 -64.12 -58.12 -52.12 -46.12 -40.12 -34.12 -28.11 -22.11 -16.11 -10.11 -4.10 0.00 
-187.25 -185.44 -177.33 -168.94 -160.57 -153.34 -147.34 -141.34 -135.34 -129.34 -123.34 -117.34 -111.34 -105.33 -99.33 -93.33 -87.33 -81.33 -75.32 -69.32 -63.32 -57.32 -51.32 -45.32 -39.32 -33.32 -27.31 -21.31 -15.31 -9.31 -3.30 0.00 
-186.46 -184.62 -176.52 -168.11 -159.74 -152.54 -146.54 -140.54 -134.54 -128.54 -122.54 -116.53 -110.53 -104.53 -98.53 -92.53 -86.53 -80.53 -74.52 -68.52 -62.52 -56.52 -50.52 -44.52 -38.51 -32.51 -26.51 -20.51 -14.51 -8.51 -2.50 0.00 
-185.61 -183.72 -175.64 -167.22 -158.83 -151.67 -145.67 -139.67 -133.67 -127.67 -121.67 -115.67 -109.66 -103.66 -97.66 -91.66 -85.66 -79.66 -73.66 -67.65 -61.65 -55.65 -49.65 -43.65 -37.65 -31.65 -25.65 -19.65 -13.64 -7.64 -1.64 0.00 
-184.65 -182.73 -174.63 -166.20 -157.84 -150.70 -144.70 -138.70 -132.70 -126.70 -120.70 -114.70 -108.70 -102.70 -96.69 -90.69 -84.69 -78.69 -72.69 -66.69 -60.68 -54.68 -48.68 -42.68 -36.68 -30.68 -24.68 -18.68 -12.68 -6.68 -0.67 0.00 
-183.71 -181.74 -173.62 -165.19 -156.86 -149.73 -143.73 -137.73 -131.73 -125.73 -119.73 -113.73 -107.73 -101.73 -95.73 -89.72 -83.73 -77.72 -71.72 -65.72 -59.72 -53.72 -47.71 -41.71 -35.71 -29.71 -23.71 -17.71 -11.71 -5.70 0.00 
-182.76 -180.75 -172.61 -164.18 -155.87 -148.76 -142.77 -136.76 -130.76 -124.76 -118.76 -112.76 -106.76 -100.76 -94.76 -88.75 -82.76 -76.75 -70.75 -64.75 -58.75 -52.75 -46.75 -40.75 -34.75 -28.74 -22.74 -16.74 -10.74 -4.73 0.00 
-181.81 -179.76 -171.65 -163.20 -154.84 -147.80 -141.80 -135.80 -129.80 -123.80 -117.79 -111.79 -105.79 -99.79 -93.79 -87.79 -81.79 -75.79 -69.78 -63.78 -57.78 -51.78 -45.78 -39.78 -33.78 -27.78 -21.78 -15.78 -9.78 -3.77 0.00 
-180.84 -178.74 -170.69 -162.22 -153.79 -146.83 -140.83 -134.83 -128.83 -122.83 -116.83 -110.83 -104.82 -98.82 -92.82 -86.82 -80.82 -74.82 -68.82 -62.82 -56.81 -50.81 -44.81 -38.81 -32.81 -26.81 -20.81 -14.81 -8.81 -2.80 0.00 
-179.72 -177.58 -169.52 -161.06 -152.63 -145.71 -139.71 -133.71 -127.71 -121.71 -115.71 -109.70 -103.70 -97.70 -91.70 -85.70 -79.70 -73.70 -67.70 -61.69 -55.69 -49.69 -43.69 -37.69 -31.69 -25.69 -19.69 -13.69 -7.69 -1.68 0.00 
-178.59 -176.40 -168.33 -159.88 -151.45 -144.56 -138.57 -132.57 -126.56 -120.56 -114.56 -108.56 -102.56 -96.56 -90.56 -84.56 -78.56 -72.55 -66.56 -60.55 -54.55 -48.55 -42.55 -36.55 -30.55 -24.55 -18.55 -12.55 -6.55 -0.55 0.00 
-177.45 -175.23 -167.17 -158.71 -150.24 -143.42 -137.42 -131.42 -125.42 -119.42 -113.42 -107.42 -101.42 -95.42 -89.42 -83.42 -77.42 -71.41 -65.41 -59.41 -53.41 -47.41 -41.41 -35.41 -29.41 -23.41 -17.41 -11.41 -5.40 0.00 
-176.32 -174.05 -166.04 -157.56 -149.00 -142.28 -136.28 -130.28 -124.28 -118.28 -112.28 -106.28 -100.28 -94.28 -88.28 -82.28 -76.27 -70.27 -64.27 -58.27 -52.27 -46.27 -40.27 -34.27 -28.27 -22.27 -16.26 -10.26 -4.26 0.00 
-175.19 -172.87 -164.92 -156.38 -147.75 -141.14 -135.14 -129.14 -123.14 -117.14 -111.14 -105.14 -99.13 -93.13 -87.13 -81.13 -75.13 -69.13 -63.13 -57.13 -51.13 -45.13 -39.13 -33.13 -27.12 -21.12 -15.12 -9.12 -3.12 0.00 
-173.91 -171.55 -163.63 -155.04 -146.39 -139.86 -133.86 -127.86 -121.86 -115.86 -109.86 -103.86 -97.86 -91.86 -85.86 -79.86 -73.86 -67.86 -61.85 -55.85 -49.85 -43.85 -37.85 -31.85 -25.85 -19.85 -13.85 -7.85 -1.84 0.00 
-172.58 -170.18 -162.27 -153.65 -144.96 -138.52 -132.52 -126.52 -120.52 -114.52 -108.52 -102.52 -96.52 -90.52 -84.52 -78.52 -72.52 -66.52 -60.52 -54.51 -48.51 -42.51 -36.51 -30.51 -24.51 -18.51 -12.51 -6.51 -0.51 0.00 
-171.26 -168.82 -160.95 -152.27 -143.50 -137.18 -131.19 -125.19 -119.18 -113.18 -107.18 -101.18 -95.18 -89.18 -83.18 -77.18 -71.18 -65.18 -59.18 -53.18 -47.18 -41.17 -35.17 -29.17 -23.17 -17.17 -11.17 -5.17 0.00 
-169.94 -167.46 -159.65 -150.87 -142.03 -135.85 -129.85 -123.85 -117.85 -111.84 -105.84 -99.84 -93.84 -87.84 -81.84 -75.84 -69.84 -63.84 -57.84 -51.84 -45.84 -39.84 -33.84 -27.84 -21.83 -15.83 -9.83 -3.83 0.00 
-168.61 -166.09 -158.33 -149.46 -140.57 -134.51 -128.51 -122.51 -116.51 -110.51 -104.51 -98.50 -92.50 -86.50 -80.50 -74.50 -68.50 -62.50 -56.50 -50.50 -44.50 -38.50 -32.50 -26.50 -20.50 -14.50 -8.50 -2.49 0.00 
-167.06 -164.51 -156.72 -147.79 -138.95 -132.95 -126.95 -120.95 -114.95 -108.95 -102.95 -96.95 -90.95 -84.95 -78.95 -72.94 -66.94 -60.94 -54.94 -48.94 -42.94 -36.94 -30.94 -24.94 -18.94 -12.94 -6.94 -0.94 0.00 
-165.50 -162.93 -155.03 -146.08 -137.37 -131.37 -125.37 -119.37 -113.37 -107.37 -101.37 -95.37 -89.37 -83.37 -77.37 -71.36 -65.36 -59.36 -53.36 -47.36 -41.36 -35.36 -29.36 -23.36 -17.36 -11.36 -5.35 0.00 
-163.96 -161.37 -153.36 -144.36 -135.79 -129.79 -123.79 -117.79 -111.79 -105.79 -99.79 -93.79 -87.79 -81.78 -75.78 -69.78 -63.78 -57.78 -51.78 -45.78 -39.78 -33.78 -27.78 -21.78 -15.78 -9.78 -3.78 0.00 
-162.40 -159.79 -151.67 -142.64 -134.21 -128.21 -122.21 -116.21 -110.21 -104.21 -98.21 -92.20 -86.20 -80.20 -74.20 -68.20 -62.20 -56.20 -50.20 -44.20 -38.20 -32.20 -26.20 -20.20 -14.20 -8.20 -2.20 0.00 
-160.64 -158.01 -149.78 -140.70 -132.44 -126.44 -120.44 -114.44 -108.44 -102.44 -96.44 -90.44 -84.44 -78.43 -72.43 -66.43 -60.43 -54.43 -48.43 -42.43 -36.43 -30.43 -24.43 -18.43 -12.43 -6.43 -0.43 0.00 
-158.79 -156.16 -147.76 -138.63 -130.56 -124.56 -118.56 -112.56 -106.56 -100.56 -94.56 -88.56 -82.56 -76.55 -70.55 -64.55 -58.55 -52.55 -46.55 -40.55 -34.55 -28.55 -22.55 -16.55 -10.55 -4.55 0.00 
-156.96 -154.33 -145.75 -136.56 -128.68 -122.68 -116.68 -110.68 -104.68 -98.68 -92.68 -86.68 -80.68 -74.68 -68.67 -62.67 -56.67 -50.67 -44.67 -38.67 -32.67 -26.67 -20.67 -14.67 -8.67 -2.67 0.00 
-155.10 -152.46 -143.73 -134.49 -126.80 -120.80 -114.80 -108.80 -102.80 -96.80 -90.80 -84.80 -78.80 -72.80 -66.79 -60.79 -54.79 -48.79 -42.79 -36.79 -30.79 -24.79 -18.79 -12.79 -6.79 -0.79 0.00 
-152.93 -150.30 -141.37 -132.10 -124.62 -118.62 -112.62 -106.62 -100.62 -94.62 -88.62 -82.62 -76.62 -70.62 -64.62 -58.62 -52.62 -46.62 -40.62 -34.62 -28.62 -22.62 -16.62 -10.62 -4.61 0.00 
-150.73 -148.11 -138.94 -129.65 -122.38 -116.38 -110.38 -104.38 -98.38 -92.38 -86.38 -80.38 -74.38 -68.38 -62.38 -56.38 -50.38 -44.38 -38.38 -32.38 -26.38 -20.38 -14.38 -8.38 -2.38 0.00 
-148.51 -145.90 -136.53 -127.20 -120.14 -114.14 -108.14 -102.14 -96.14 -90.14 -84.14 -78.14 -72.14 -66.14 -60.14 -54.14 -48.14 -42.14 -36.14 -30.14 -24.14 -18.14 -12.14 -6.14 -0.14 0.00 
-146.09 -143.48 -133.91 -124.57 -117.73 -111.73 -105.73 -99.73 -93.73 -87.73 -81.73 -75.73 -69.73 -63.73 -57.73 -51.73 -45.73 -39.73 -33.73 -27.73 -21.73 -15.73 -9.73 -3.73 0.00 
-143.44 -140.84 -131.05 -121.68 -115.08 -109.08 -103.08 -97.08 -91.08 -85.08 -79.08 -73.08 -67.08 -61.07 -55.07 -49.07 -43.07 -37.07 -31.07 -25.07 -19.07 -13.07 -7.07 -1.07 0.00 
-140.80 -138.21 -128.17 -118.80 -112.42 -106.42 -100.42 -94.42 -88.42 -82.42 -76.42 -70.42 -64.42 -58.42 -52.42 -46.42 -40.42 -34.42 -28.42 -22.42 -16.42 -10.42 -4.42 0.00 
-137.96 -135.39 -125.10 -115.77 -109.61 -103.61 -97.61 -91.61 -85.61 -79.61 -73.61 -67.61 -61.61 -55.61 -49.61 -43.61 -37.61 -31.61 -25.61 -19.61 -13.61 -7.61 -1.61 0.00 
-134.78 -132.22 -121.70 -112.49 -106.49 -100.49 -94.49 -88.49 -82.49 -76.49 -70.49 -64.49 -58.49 -52.49 -46.49 -40.49 -34.49 -28.49 -22.49 -16.49 -10.49 -4.49 0.00 
-131.52 -128.98 -118.24 -109.37 -103.37 -97.37 -91.37 -85.37 -79.37 -73.37 -67.37 -61.37 -55.37 -49.36 -43.36 -37.36 -31.36 -25.36 -19.36 -13.36 -7.36 -1.36 0.00 
-127.94 -125.39 -114.50 -105.97 -99.97 -93.97 -87.97 -81.97 -75.97 -69.97 -63.97 -57.97 -51.96 -45.96 -39.96 -33.96 -27.96 -21.96 -15.96 -9.96 -3.96 0.00 
-124.14 -121.63 -110.54 -102.34 -96.34 -90.34 -84.34 -78.34 -72.34 -66.34 -60.34 -54.34 -48.34 -42.34 -36.34 -30.34 -24.34 -18.34 -12.34 -6.34 -0.34 0.00 
-120.28 -117.79 -106.54 -98.70 -92.70 -86.70 -80.70 -74.70 -68.70 -62.70 -56.70 -50.70 -44.70 -38.70 -32.70 -26.70 -20.70 -14.70 -8.70 -2.70 0.00 
-116.29 -114.44 -103.58 -95.40 -89.40 -83.40 -77.40 -71.40 -65.40 -59.40 -53.40 -47.40 -41.40 -35.40 -29.40 -23.40 -17.40 -11.40 -5.40 0.00 
-111.05 -109.46 -99.54 -91.47 -85.47 -79.47 -73.47 -67.47 -61.47 -55.47 -49.47 -43.47 -37.47 -31.47 -25.47 -19.47 -13.47 -7.47 -1.47 0.00 
-104.89 -101.25 -90.44 -84.21 -78.21 -72.21 -66.21 -60.21 -54.21 -48.21 -42.21 -36.21 -30.21 -24.21 -18.21 -12.21 -6.21 -0.21 0.00 
-100.06 -96.40 -85.68 -79.67 -73.67 -67.67 -61.67 -55.67 -49.67 -43.67 -37.67 -31.67 -25.67 -19.67 -13.67 -7.67 -1.67 0.00 
-95.11 -91.39 -80.99 -74.99 -68.99 -62.99 -56.99 -50.99 -44.99 -38.99 -32.99 -26.99 -20.99 -14.99 -8.99 -2.99 0.00 
-89.25 -85.47 -75.37 -69.37 -63.37 -57.37 -51.37 -45.37 -39.37 -33.37 -27.37 -21.37 -15.37 -9.37 -3.37 0.00 
-83.37 -79.52 -69.74 -63.74 -57.74 -51.74 -45.74 -39.74 -33.74 -27.74 -21.74 -15.73 -9.73 -3.73 0.00 
-76.83 -72.92 -63.43 -57.43 -51.43 -45.43 -39.43 -33.43 -27.43 -21.43 -15.43 -9.43 -3.43 0.00 
-70.29 -66.33 -57.12 -51.12 -45.12 -39.12 -33.12 -27.12 -21.12 -15.12 -9.12 -3.12 0.00 
-63.02 -58.99 -50.04 -44.04 -38.04 -32.04 -26.04 -20.04 -14.04 -8.04 -2.04 0.00 
-55.62 -51.54 -42.86 -36.86 -30.86 -24.85 -18.85 -12.85 -6.85 -0.85 0.00 
-45.87 -41.70 -33.31 -27.30 -21.30 -15.30 -9.30 -3.30 0.00 
-38.75 -34.49 -26.32 -20.32 -14.32 -8.32 -2.32 0.00 
-32.12 -27.77 -19.83 -13.83 -7.82 -1.82 0.00 
-24.99 -20.99 -12.97 -6.97 -0.97 0.00 
-14.54 -10.05 -2.82 0.00 
-5.53 -1.23 
