-28.03 -28.03 
-27.24 -27.21 -27.16 -27.11 -27.10 
-26.19 -26.17 -26.14 -26.12 -26.10 -26.07 -26.06 
-25.23 -25.22 -25.20 -25.18 -25.16 -25.14 -25.12 -25.10 -25.09 
-23.69 -23.68 -23.67 -23.66 -23.64 -23.63 -23.61 -23.59 -23.57 -23.54 -23.54 
-23.83 -22.78 -22.22 -22.22 -22.21 -22.19 -22.18 -22.16 -22.14 -22.12 -22.09 -22.06 -22.06 
-27.53 -23.90 -20.80 -20.80 -20.79 -20.78 -20.77 -20.76 -20.74 -20.72 -20.70 -20.67 -20.65 -20.61 -20.61 
-28.46 -23.52 -19.27 -19.27 -19.27 -19.26 -19.25 -19.24 -19.23 -19.21 -19.19 -19.16 -19.13 -19.10 -19.07 -19.04 -19.03 
-28.71 -22.74 -17.58 -17.58 -17.59 -17.59 -17.58 -17.58 -17.56 -17.55 -17.53 -17.50 -17.48 -17.44 -17.41 -17.37 -17.33 -17.33 
-27.09 -21.10 -15.98 -15.96 -15.96 -15.96 -15.96 -15.96 -15.95 -15.94 -15.92 -15.90 -15.87 -15.84 -15.80 -15.76 -15.72 -15.67 -15.67 
-25.57 -19.59 -14.26 -14.20 -14.21 -14.22 -14.22 -14.22 -14.21 -14.20 -14.19 -14.16 -14.14 -14.10 -14.07 -14.03 -13.98 -13.93 -13.89 -13.84 -13.84 
-23.90 -17.93 -12.59 -12.49 -12.50 -12.51 -12.52 -12.52 -12.52 -12.51 -12.49 -12.48 -12.45 -12.42 -12.38 -12.34 -12.29 -12.24 -12.19 -12.13 -12.07 -12.07 
-28.48 -22.50 -12.15 -10.82 -10.83 -10.85 -10.86 -10.87 -10.87 -10.87 -10.86 -10.84 -10.82 -10.79 -10.76 -10.72 -10.67 -10.62 -10.56 -10.51 -10.44 -10.38 -10.38 
-27.31 -21.33 -10.50 -9.19 -9.21 -9.23 -9.24 -9.25 -9.26 -9.26 -9.25 -9.24 -9.22 -9.19 -9.16 -9.12 -9.07 -9.02 -8.96 -8.90 -8.83 -8.77 -8.70 -8.70 
-26.05 -20.07 -9.01 -7.59 -7.61 -7.63 -7.65 -7.66 -7.67 -7.68 -7.67 -7.66 -7.65 -7.62 -7.59 -7.55 -7.50 -7.45 -7.39 -7.32 -7.25 -7.18 -7.11 -7.03 -7.03 
-24.69 -18.72 -7.43 -5.89 -5.92 -5.94 -5.97 -5.98 -5.99 -6.00 -6.00 -6.00 -5.98 -5.96 -5.92 -5.89 -5.84 -5.78 -5.72 -5.65 -5.58 -5.50 -5.42 -5.33 -5.25 -5.25 
-23.30 -17.33 -5.85 -4.19 -4.22 -4.25 -4.28 -4.30 -4.31 -4.33 -4.33 -4.33 -4.31 -4.30 -4.27 -4.23 -4.18 -4.12 -4.06 -3.99 -3.92 -3.83 -3.75 -3.66 -3.57 -3.48 -3.48 
-21.92 -15.97 -4.32 -2.58 -2.61 -2.65 -2.68 -2.70 -2.72 -2.74 -2.74 -2.74 -2.73 -2.71 -2.69 -2.65 -2.61 -2.54 -2.48 -2.41 -2.33 -2.25 -2.15 -2.06 -1.96 -1.86 -1.76 -1.76 
-20.56 -14.61 -2.82 -0.96 -1.00 -1.04 -1.08 -1.11 -1.13 -1.15 -1.16 -1.16 -1.16 -1.14 -1.12 -1.08 -1.03 -0.98 -0.91 -0.84 -0.76 -0.67 -0.58 -0.47 -0.37 -0.27 -0.15 -0.15 
-19.17 -13.24 -1.33 0.60 0.56 0.51 0.47 0.44 0.41 0.39 0.38 0.37 0.37 0.39 0.41 0.44 0.49 0.54 0.61 0.68 0.77 0.86 0.95 1.06 1.17 1.28 1.40 1.51 1.51 
-17.84 -11.91 0.10 2.12 2.07 2.02 1.98 1.94 1.91 1.89 1.87 1.86 1.86 1.87 1.90 1.92 1.97 2.03 2.09 2.17 2.25 2.35 2.44 2.55 2.66 2.78 2.90 3.03 3.15 3.16 
-16.50 -10.58 1.53 3.64 3.59 3.54 3.50 3.45 3.42 3.39 3.37 3.36 3.36 3.36 3.38 3.41 3.45 3.51 3.56 3.65 3.73 3.82 3.93 4.03 4.15 4.27 4.40 4.53 4.67 4.67 
-15.20 -9.29 2.92 5.09 5.04 4.99 4.94 4.89 4.85 4.83 4.80 4.79 4.78 4.78 4.81 4.83 4.87 4.93 4.98 5.07 5.15 5.24 5.35 5.45 5.58 5.70 5.84 5.97 6.10 6.24 6.25 
-13.95 -8.05 4.25 6.52 6.47 6.41 6.36 6.31 6.27 6.24 6.21 6.20 6.19 6.18 6.21 6.23 6.26 6.32 6.38 6.45 6.55 6.63 6.74 6.86 6.97 7.11 7.23 7.38 7.52 7.67 7.67 
-12.69 -6.80 5.61 7.95 7.90 7.84 7.78 7.73 7.69 7.66 7.63 7.61 7.60 7.59 7.61 7.63 7.66 7.72 7.78 7.84 7.94 8.03 8.13 8.25 8.37 8.50 8.64 8.78 8.93 9.08 9.22 9.23 
-11.36 -5.48 6.75 9.32 9.26 9.20 9.14 9.10 9.05 9.01 8.98 8.96 8.95 8.95 8.96 8.98 9.01 9.06 9.12 9.19 9.28 9.37 9.47 9.59 9.71 9.84 9.98 10.13 10.27 10.43 10.59 10.58 
-10.10 -4.22 7.81 10.65 10.60 10.54 10.48 10.43 10.38 10.35 10.32 10.29 10.28 10.28 10.28 10.31 10.33 10.37 10.44 10.51 10.59 10.69 10.79 10.91 11.03 11.15 11.30 11.44 11.60 11.75 11.91 12.06 12.07 
-8.83 -2.96 8.86 11.98 11.94 11.88 11.82 11.77 11.72 11.68 11.65 11.62 11.61 11.61 11.60 11.63 11.66 11.69 11.76 11.83 11.90 12.00 12.11 12.21 12.34 12.47 12.61 12.76 12.91 13.07 13.23 13.40 13.39 
-7.59 -1.72 9.91 13.29 13.26 13.20 13.14 13.09 13.04 12.99 12.96 12.93 12.92 12.91 12.91 12.93 12.96 12.99 13.05 13.12 13.19 13.29 13.40 13.50 13.63 13.76 13.90 14.05 14.20 14.36 14.53 14.69 14.85 14.86 
-6.45 -0.58 10.87 14.54 14.53 14.46 14.40 14.35 14.30 14.25 14.23 14.19 14.18 14.17 14.17 14.19 14.22 14.25 14.31 14.38 14.45 14.54 14.65 14.75 14.88 15.01 15.14 15.30 15.44 15.61 15.77 15.93 16.11 16.11 
-5.31 0.55 11.81 15.78 15.79 15.72 15.66 15.61 15.56 15.51 15.48 15.45 15.43 15.43 15.43 15.44 15.47 15.50 15.55 15.62 15.70 15.78 15.89 16.00 16.12 16.25 16.38 16.53 16.68 16.84 17.01 17.17 17.35 17.34 
-4.17 1.68 12.76 17.02 17.05 16.99 16.93 16.87 16.82 16.77 16.74 16.72 16.69 16.69 16.69 16.69 16.73 16.76 16.80 16.87 16.95 17.02 17.13 17.24 17.35 17.49 17.63 17.77 17.92 18.08 18.25 18.41 18.58 18.75 18.75 
-3.09 2.76 13.68 18.22 18.27 18.21 18.15 18.10 18.05 18.00 17.97 17.94 17.92 17.92 17.91 17.92 17.95 17.98 18.01 18.09 18.16 18.24 18.34 18.45 18.56 18.70 18.83 18.97 19.13 19.28 19.45 19.61 19.79 19.96 19.96 
-2.11 3.75 14.54 19.37 19.46 19.40 19.35 19.29 19.25 19.20 19.17 19.14 19.11 19.11 19.11 19.11 19.14 19.18 19.21 19.28 19.35 19.43 19.52 19.63 19.74 19.87 20.01 20.14 20.30 20.45 20.61 20.78 20.95 21.12 21.28 21.29 
-1.11 4.75 15.38 20.52 20.65 20.59 20.53 20.48 20.44 20.39 20.36 20.33 20.31 20.30 20.31 20.30 20.33 20.37 20.40 20.46 20.54 20.61 20.70 20.81 20.92 21.04 21.18 21.32 21.46 21.62 21.78 21.94 22.11 22.28 22.46 22.46 
-0.11 5.75 16.22 21.67 21.83 21.78 21.72 21.67 21.62 21.58 21.55 21.53 21.50 21.49 21.50 21.50 21.52 21.56 21.59 21.64 21.72 21.80 21.88 21.99 22.10 22.22 22.35 22.49 22.63 22.79 22.94 23.11 23.28 23.45 23.62 23.62 
0.88 6.74 17.06 22.79 23.00 22.95 22.89 22.84 22.80 22.76 22.72 22.70 22.68 22.67 22.67 22.68 22.69 22.73 22.77 22.81 22.89 22.97 23.04 23.15 23.27 23.38 23.51 23.65 23.78 23.94 24.10 24.26 24.42 24.59 24.76 24.92 24.93 
1.76 7.63 17.84 23.87 24.12 24.07 24.02 23.96 23.93 23.89 23.85 23.83 23.81 23.80 23.81 23.81 23.82 23.86 23.90 23.94 24.02 24.09 24.17 24.27 24.38 24.50 24.62 24.76 24.89 25.04 25.20 25.36 25.52 25.69 25.86 26.03 26.04 
2.64 8.51 18.61 24.93 25.23 25.18 25.14 25.09 25.05 25.01 24.98 24.96 24.94 24.93 24.94 24.94 24.95 24.99 25.03 25.07 25.14 25.22 25.29 25.39 25.50 25.61 25.73 25.87 26.00 26.15 26.30 26.46 26.62 26.78 26.95 27.12 27.13 
3.52 9.39 19.39 25.99 26.34 26.30 26.25 26.21 26.17 26.14 26.10 26.09 26.07 26.06 26.06 26.07 26.08 26.12 26.16 26.20 26.26 26.34 26.42 26.51 26.62 26.73 26.84 26.98 27.11 27.25 27.40 27.56 27.71 27.88 28.04 28.21 28.21 
4.40 10.27 20.17 27.05 27.46 27.42 27.37 27.33 27.29 27.26 27.23 27.21 27.20 27.18 27.19 27.20 27.21 27.25 27.29 27.33 27.39 27.47 27.55 27.63 27.74 27.85 27.96 28.09 28.22 28.36 28.51 28.66 28.82 28.98 29.14 29.30 29.46 29.47 
5.25 11.12 20.91 28.06 28.52 28.48 28.44 28.40 28.37 28.34 28.31 28.30 28.28 28.27 28.28 28.29 28.30 28.33 28.37 28.41 28.47 28.55 28.63 28.70 28.81 28.92 29.03 29.16 29.29 29.42 29.57 29.72 29.87 30.03 30.19 30.35 30.52 30.52 
6.08 11.95 21.62 29.04 29.57 29.53 29.49 29.46 29.42 29.40 29.37 29.36 29.35 29.33 29.35 29.36 29.37 29.40 29.44 29.48 29.53 29.61 29.69 29.76 29.87 29.97 30.08 30.20 30.33 30.47 30.60 30.75 30.90 31.06 31.22 31.38 31.54 31.54 
6.91 12.79 22.32 30.01 30.61 30.57 30.54 30.51 30.47 30.45 30.43 30.41 30.41 30.40 30.41 30.42 30.43 30.46 30.51 30.55 30.59 30.67 30.75 30.82 30.92 31.03 31.14 31.25 31.38 31.51 31.65 31.79 31.94 32.09 32.25 32.40 32.56 32.56 
7.73 13.62 23.02 30.97 31.65 31.62 31.58 31.56 31.52 31.51 31.49 31.47 31.47 31.46 31.47 31.48 31.50 31.52 31.57 31.61 31.65 31.73 31.81 31.88 31.98 32.08 32.19 32.30 32.43 32.55 32.69 32.83 32.97 33.12 33.27 33.43 33.58 33.73 33.74 
8.57 14.45 23.74 31.94 32.69 32.66 32.63 32.60 32.58 32.56 32.54 32.53 32.53 32.52 32.53 32.55 32.57 32.59 32.63 32.68 32.72 32.79 32.87 32.95 33.04 33.14 33.25 33.35 33.48 33.60 33.73 33.87 34.01 34.16 34.31 34.46 34.61 34.77 34.77 
9.35 15.24 24.49 32.75 33.66 33.64 33.61 33.59 33.56 33.55 33.54 33.53 33.53 33.53 33.53 33.55 33.57 33.59 33.64 33.68 33.73 33.79 33.87 33.95 34.03 34.13 34.24 34.35 34.46 34.59 34.72 34.85 34.99 35.13 35.28 35.42 35.58 35.73 35.73 
10.12 16.01 25.21 33.54 34.63 34.61 34.58 34.57 34.54 34.54 34.52 34.51 34.52 34.52 34.52 34.55 34.57 34.59 34.63 34.68 34.73 34.79 34.86 34.94 35.02 35.12 35.22 35.33 35.44 35.56 35.69 35.82 35.95 36.09 36.24 36.38 36.53 36.68 36.68 
10.89 16.78 25.94 34.31 35.59 35.58 35.55 35.54 35.52 35.51 35.51 35.50 35.51 35.51 35.51 35.54 35.56 35.58 35.63 35.68 35.72 35.78 35.86 35.93 36.01 36.11 36.21 36.31 36.42 36.54 36.66 36.79 36.92 37.06 37.20 37.34 37.48 37.63 37.77 37.77 
11.65 17.55 26.66 35.09 36.54 36.54 36.52 36.51 36.50 36.49 36.49 36.48 36.49 36.50 36.50 36.53 36.56 36.58 36.62 36.67 36.72 36.77 36.85 36.92 37.00 37.10 37.19 37.29 37.40 37.52 37.64 37.76 37.89 38.02 38.16 38.30 38.44 38.58 38.73 38.73 
12.43 18.33 27.39 35.87 37.50 37.51 37.50 37.49 37.48 37.47 37.47 37.47 37.48 37.49 37.49 37.52 37.55 37.57 37.62 37.66 37.71 37.77 37.84 37.92 38.00 38.09 38.19 38.29 38.39 38.51 38.62 38.74 38.87 39.00 39.13 39.27 39.41 39.54 39.69 39.69 
13.16 19.06 28.08 36.62 38.39 38.41 38.40 38.39 38.38 38.38 38.38 38.38 38.40 38.41 38.42 38.45 38.48 38.50 38.54 38.59 38.64 38.69 38.77 38.85 38.92 39.01 39.10 39.20 39.30 39.42 39.53 39.65 39.77 39.90 40.02 40.16 40.29 40.43 40.57 40.57 
13.87 19.77 28.76 37.36 39.27 39.29 39.28 39.29 39.28 39.28 39.29 39.28 39.31 39.32 39.33 39.36 39.39 39.42 39.46 39.51 39.56 39.61 39.68 39.76 39.84 39.92 40.01 40.11 40.21 40.31 40.43 40.55 40.66 40.79 40.91 41.04 41.18 41.31 41.44 41.44 
14.59 20.49 29.43 38.09 40.14 40.17 40.17 40.17 40.17 40.18 40.19 40.19 40.21 40.23 40.24 40.27 40.31 40.34 40.37 40.43 40.48 40.53 40.60 40.67 40.75 40.83 40.92 41.02 41.12 41.22 41.33 41.44 41.56 41.67 41.80 41.92 42.06 42.18 42.31 42.44 42.44 
15.31 21.22 30.10 38.82 41.01 41.05 41.06 41.06 41.07 41.07 41.08 41.09 41.11 41.13 41.15 41.18 41.22 41.25 41.29 41.34 41.40 41.45 41.51 41.59 41.66 41.74 41.83 41.93 42.02 42.13 42.23 42.34 42.45 42.57 42.69 42.81 42.94 43.06 43.19 43.32 43.32 
16.03 21.94 30.77 39.55 41.88 41.93 41.94 41.95 41.96 41.97 41.98 42.00 42.01 42.04 42.06 42.09 42.13 42.17 42.20 42.26 42.31 42.37 42.43 42.51 42.58 42.66 42.75 42.84 42.93 43.03 43.14 43.24 43.36 43.47 43.58 43.71 43.83 43.95 44.07 44.19 44.20 
16.72 22.63 31.43 40.24 42.69 42.74 42.76 42.77 42.78 42.80 42.81 42.83 42.86 42.88 42.90 42.94 42.98 43.01 43.05 43.11 43.16 43.22 43.28 43.35 43.43 43.50 43.59 43.68 43.78 43.87 43.97 44.08 44.18 44.29 44.41 44.52 44.64 44.76 44.88 45.00 45.00 
17.38 23.30 32.07 40.93 43.47 43.53 43.55 43.57 43.58 43.60 43.63 43.64 43.67 43.70 43.73 43.76 43.81 43.84 43.88 43.94 43.99 44.05 44.11 44.18 44.26 44.33 44.41 44.50 44.60 44.69 44.78 44.89 44.99 45.10 45.21 45.32 45.44 45.55 45.67 45.79 45.79 
18.05 23.97 32.76 41.56 44.24 44.32 44.35 44.36 44.39 44.40 44.44 44.45 44.48 44.52 44.55 44.58 44.63 44.67 44.71 44.76 44.82 44.88 44.94 45.01 45.08 45.16 45.24 45.33 45.42 45.51 45.60 45.70 45.81 45.90 46.01 46.12 46.23 46.35 46.46 46.57 46.58 
18.73 24.65 33.44 42.18 45.01 45.11 45.14 45.16 45.19 45.21 45.24 45.27 45.29 45.33 45.37 45.40 45.45 45.50 45.54 45.59 45.65 45.71 45.77 45.84 45.91 45.99 46.07 46.15 46.24 46.33 46.42 46.51 46.62 46.72 46.82 46.93 47.03 47.14 47.25 47.36 47.36 
19.41 25.33 34.12 42.79 45.79 45.90 45.93 45.95 45.98 46.01 46.04 46.08 46.11 46.15 46.19 46.22 46.27 46.32 46.37 46.42 46.48 46.54 46.60 46.67 46.74 46.82 46.90 46.98 47.06 47.15 47.24 47.34 47.43 47.53 47.63 47.73 47.84 47.94 48.05 48.15 48.15 
20.06 25.98 34.77 43.40 46.50 46.63 46.66 46.69 46.72 46.75 46.79 46.83 46.86 46.90 46.94 46.99 47.04 47.08 47.13 47.19 47.25 47.31 47.37 47.44 47.51 47.58 47.66 47.74 47.83 47.91 48.00 48.09 48.19 48.28 48.38 48.48 48.58 48.68 48.78 48.88 48.98 48.98 
20.67 26.59 35.41 43.98 47.19 47.33 47.37 47.40 47.44 47.47 47.52 47.55 47.59 47.64 47.68 47.72 47.77 47.82 47.87 47.93 47.99 48.05 48.11 48.18 48.25 48.32 48.40 48.48 48.56 48.65 48.73 48.82 48.91 49.00 49.09 49.19 49.28 49.39 49.48 49.58 49.68 49.69 
21.28 27.21 36.05 44.55 47.87 48.03 48.07 48.10 48.15 48.18 48.23 48.27 48.31 48.36 48.41 48.45 48.50 48.56 48.61 48.66 48.73 48.79 48.85 48.92 48.99 49.06 49.14 49.21 49.29 49.38 49.46 49.54 49.63 49.72 49.81 49.91 50.00 50.09 50.19 50.28 50.38 50.38 
21.91 27.83 36.69 45.12 48.55 48.72 48.77 48.81 48.85 48.89 48.94 48.99 49.03 49.08 49.14 49.18 49.23 49.29 49.34 49.40 49.46 49.53 49.59 49.66 49.73 49.80 49.87 49.95 50.03 50.11 50.19 50.27 50.36 50.45 50.53 50.62 50.71 50.80 50.89 50.99 51.08 51.08 
22.54 28.47 37.32 45.69 49.23 49.42 49.46 49.51 49.56 49.61 49.65 49.70 49.75 49.80 49.86 49.91 49.97 50.02 50.08 50.14 50.20 50.27 50.33 50.40 50.47 50.54 50.61 50.69 50.77 50.84 50.92 51.00 51.09 51.17 51.26 51.34 51.43 51.51 51.60 51.69 51.78 51.78 
23.15 29.07 37.92 46.25 49.86 50.07 50.12 50.17 50.22 50.27 50.32 50.37 50.42 50.48 50.54 50.59 50.65 50.71 50.77 50.83 50.89 50.96 51.02 51.09 51.16 51.23 51.30 51.37 51.45 51.53 51.60 51.68 51.76 51.84 51.93 52.01 52.09 52.18 52.26 52.35 52.43 52.43 
23.71 29.63 38.49 46.79 50.46 50.68 50.73 50.78 50.84 50.89 50.95 51.01 51.06 51.12 51.18 51.23 51.30 51.36 51.41 51.48 51.54 51.61 51.67 51.74 51.81 51.88 51.95 52.02 52.09 52.17 52.24 52.32 52.40 52.48 52.56 52.64 52.71 52.80 52.88 52.96 53.05 53.05 
24.27 30.19 39.07 47.32 51.05 51.29 51.35 51.40 51.46 51.52 51.58 51.64 51.69 51.76 51.82 51.87 51.94 52.00 52.06 52.12 52.19 52.26 52.32 52.39 52.46 52.53 52.60 52.67 52.74 52.81 52.89 52.96 53.04 53.11 53.18 53.27 53.34 53.42 53.50 53.58 53.66 53.66 
24.83 30.76 39.66 47.87 51.60 51.89 51.95 52.01 52.08 52.14 52.20 52.27 52.32 52.39 52.46 52.51 52.58 52.64 52.71 52.77 52.84 52.90 52.97 53.04 53.11 53.17 53.24 53.31 53.38 53.46 53.53 53.60 53.67 53.75 53.82 53.89 53.97 54.04 54.12 54.20 54.27 54.27 
25.41 31.34 40.24 48.40 52.16 52.50 52.57 52.63 52.70 52.76 52.83 52.89 52.96 53.02 53.09 53.15 53.22 53.29 53.35 53.42 53.48 53.55 53.62 53.69 53.76 53.82 53.89 53.96 54.03 54.10 54.17 54.24 54.31 54.39 54.46 54.53 54.60 54.67 54.74 54.81 54.89 54.89 
25.97 31.89 40.79 48.92 52.69 53.07 53.14 53.21 53.28 53.34 53.41 53.48 53.55 53.62 53.68 53.75 53.82 53.89 53.96 54.02 54.09 54.16 54.23 54.30 54.37 54.43 54.50 54.57 54.64 54.71 54.78 54.84 54.91 54.98 55.05 55.12 55.19 55.26 55.33 55.40 55.47 55.47 
26.48 32.40 41.29 49.43 53.19 53.60 53.67 53.74 53.82 53.88 53.96 54.03 54.09 54.17 54.24 54.30 54.38 54.45 54.52 54.58 54.65 54.72 54.79 54.86 54.93 54.99 55.06 55.13 55.19 55.26 55.33 55.39 55.46 55.53 55.59 55.66 55.73 55.79 55.86 55.93 56.00 56.00 
26.98 32.90 41.81 49.93 53.68 54.12 54.20 54.27 54.35 54.42 54.49 54.57 54.64 54.71 54.79 54.86 54.93 55.00 55.07 55.14 55.21 55.28 55.35 55.42 55.48 55.55 55.62 55.68 55.75 55.82 55.88 55.94 56.01 56.08 56.14 56.20 56.27 56.33 56.40 56.46 56.52 56.52 
27.49 33.41 42.33 50.41 54.16 54.64 54.72 54.80 54.88 54.96 55.03 55.11 55.18 55.26 55.34 55.41 55.48 55.56 55.63 55.70 55.77 55.84 55.91 55.98 56.04 56.11 56.18 56.24 56.31 56.37 56.44 56.50 56.56 56.63 56.69 56.75 56.81 56.87 56.93 56.99 57.05 57.05 
28.00 33.93 42.85 50.89 54.65 55.16 55.25 55.33 55.41 55.49 55.57 55.65 55.73 55.80 55.88 55.96 56.03 56.11 56.18 56.26 56.33 56.40 56.47 56.54 56.60 56.67 56.74 56.80 56.87 56.93 56.99 57.05 57.11 57.18 57.23 57.29 57.35 57.41 57.47 57.53 57.59 57.59 
28.51 34.43 43.34 51.36 55.12 55.66 55.75 55.83 55.92 56.00 56.08 56.16 56.24 56.32 56.40 56.48 56.56 56.63 56.71 56.78 56.85 56.93 57.00 57.07 57.13 57.20 57.27 57.33 57.39 57.46 57.52 57.58 57.64 57.70 57.75 57.81 57.86 57.92 57.98 58.03 58.09 58.09 
28.95 34.87 43.79 51.79 55.55 56.11 56.20 56.28 56.37 56.45 56.54 56.62 56.70 56.79 56.87 56.94 57.02 57.10 57.18 57.25 57.33 57.40 57.47 57.54 57.60 57.67 57.74 57.80 57.86 57.92 57.98 58.04 58.10 58.16 58.21 58.27 58.32 58.37 58.43 58.48 58.54 58.54 
29.40 35.32 44.23 52.23 55.98 56.55 56.64 56.73 56.82 56.91 56.99 57.08 57.16 57.25 57.33 57.41 57.49 57.57 57.64 57.72 57.79 57.87 57.94 58.01 58.07 58.14 58.20 58.27 58.32 58.39 58.45 58.50 58.56 58.62 58.67 58.72 58.78 58.83 58.88 58.93 58.98 58.98 
29.84 35.76 44.69 52.65 56.40 56.99 57.09 57.18 57.27 57.36 57.45 57.54 57.62 57.70 57.79 57.87 57.95 58.03 58.11 58.19 58.26 58.33 58.41 58.48 58.54 58.61 58.67 58.73 58.79 58.85 58.91 58.96 59.02 59.08 59.13 59.18 59.23 59.28 59.33 59.38 59.43 59.43 
30.29 36.21 45.14 53.08 56.82 57.44 57.54 57.63 57.72 57.81 57.90 57.99 58.08 58.16 58.25 58.34 58.42 58.50 58.58 58.65 58.73 58.80 58.88 58.95 59.01 59.08 59.14 59.20 59.26 59.32 59.38 59.43 59.48 59.54 59.59 59.64 59.69 59.73 59.78 59.83 59.88 59.88 
30.74 36.65 45.58 53.49 57.23 57.86 57.96 58.06 58.15 58.24 58.33 58.43 58.52 58.60 58.69 58.78 58.86 58.94 59.02 59.10 59.18 59.25 59.32 59.39 59.46 59.52 59.59 59.65 59.71 59.77 59.82 59.87 59.93 59.98 60.03 60.08 60.12 60.17 60.22 60.26 60.31 60.31 
31.11 37.03 45.96 53.85 57.59 58.23 58.33 58.42 58.52 58.61 58.71 58.80 58.89 58.98 59.06 59.15 59.24 59.32 59.40 59.48 59.55 59.63 59.70 59.77 59.84 59.90 59.97 60.03 60.08 60.14 60.20 60.25 60.30 60.35 60.40 60.45 60.49 60.54 60.58 60.63 60.67 60.67 
31.49 37.41 46.33 54.22 57.95 58.59 58.70 58.79 58.89 58.98 59.08 59.17 59.26 59.35 59.44 59.53 59.61 59.69 59.77 59.86 59.93 60.00 60.08 60.15 60.21 60.28 60.34 60.40 60.46 60.51 60.57 60.62 60.67 60.72 60.77 60.81 60.86 60.90 60.95 60.99 61.04 61.04 
31.87 37.78 46.71 54.58 58.31 58.95 59.06 59.16 59.25 59.35 59.44 59.54 59.63 59.72 59.81 59.90 59.98 60.07 60.15 60.23 60.31 60.38 60.45 60.52 60.59 60.65 60.72 60.78 60.83 60.89 60.94 60.99 61.04 61.09 61.14 61.18 61.23 61.27 61.32 61.36 61.40 61.40 
32.25 38.16 47.09 54.94 58.66 59.32 59.43 59.52 59.62 59.72 59.81 59.91 60.00 60.09 60.18 60.27 60.36 60.44 60.53 60.61 60.68 60.76 60.83 60.90 60.97 61.03 61.09 61.15 61.21 61.26 61.32 61.37 61.41 61.47 61.51 61.55 61.60 61.64 61.68 61.72 61.76 61.76 
32.63 38.55 47.47 55.30 59.01 59.67 59.78 59.88 59.98 60.08 60.17 60.27 60.36 60.46 60.55 60.64 60.72 60.81 60.89 60.97 61.05 61.12 61.20 61.27 61.33 61.40 61.46 61.52 61.57 61.63 61.68 61.73 61.78 61.83 61.87 61.91 61.96 62.00 62.04 62.08 62.12 62.12 
32.93 38.85 47.77 55.59 59.29 59.95 60.06 60.15 60.25 60.35 60.45 60.54 60.64 60.73 60.82 60.91 61.00 61.08 61.16 61.25 61.32 61.40 61.47 61.54 61.60 61.67 61.73 61.79 61.84 61.90 61.95 62.00 62.05 62.10 62.14 62.18 62.23 62.27 62.31 62.35 62.39 62.39 
33.24 39.15 48.07 55.88 59.56 60.22 60.33 60.43 60.52 60.62 60.72 60.82 60.91 61.00 61.09 61.18 61.27 61.35 61.44 61.52 61.59 61.67 61.74 61.81 61.88 61.94 62.00 62.06 62.11 62.17 62.22 62.27 62.32 62.37 62.41 62.45 62.49 62.53 62.57 62.61 62.65 62.65 
33.54 39.45 48.38 56.17 59.84 60.49 60.60 60.70 60.80 60.90 60.99 61.09 61.18 61.27 61.37 61.46 61.54 61.63 61.71 61.79 61.87 61.94 62.02 62.09 62.15 62.21 62.28 62.33 62.39 62.44 62.49 62.54 62.59 62.64 62.68 62.72 62.76 62.80 62.84 62.88 62.92 62.92 
33.84 39.75 48.68 56.45 60.12 60.76 60.87 60.97 61.07 61.17 61.26 61.36 61.46 61.55 61.64 61.73 61.81 61.90 61.98 62.06 62.14 62.21 62.29 62.36 62.42 62.48 62.55 62.60 62.66 62.71 62.76 62.81 62.86 62.91 62.95 62.99 63.03 63.07 63.11 63.15 63.19 63.19 
34.15 40.06 48.98 56.74 60.40 61.04 61.14 61.24 61.34 61.44 61.54 61.63 61.73 61.82 61.91 62.00 62.09 62.17 62.26 62.34 62.41 62.49 62.56 62.63 62.69 62.76 62.82 62.88 62.93 62.97 63.02 63.07 63.12 63.16 63.21 63.26 63.30 63.34 63.38 63.42 63.46 63.46 
34.38 40.29 49.21 56.95 60.57 61.20 61.31 61.41 61.50 61.60 61.70 61.79 61.89 61.98 62.07 62.16 62.25 62.33 62.41 62.50 62.57 62.64 62.72 62.79 62.85 62.91 62.98 63.03 63.09 63.14 63.19 63.24 63.29 63.33 63.37 63.42 63.46 63.50 63.53 63.57 63.61 63.61 
34.60 40.51 49.43 57.16 60.75 61.36 61.47 61.57 61.66 61.76 61.86 61.95 62.05 62.14 62.23 62.32 62.40 62.49 62.57 62.65 62.73 62.80 62.87 62.94 63.01 63.07 63.13 63.19 63.24 63.29 63.34 63.39 63.44 63.49 63.53 63.57 63.61 63.65 63.69 63.73 63.77 63.77 
34.82 40.73 49.65 57.36 60.93 61.52 61.63 61.73 61.83 61.92 62.02 62.11 62.21 62.30 62.39 62.48 62.56 62.64 62.73 62.81 62.88 62.96 63.03 63.10 63.16 63.22 63.29 63.34 63.39 63.45 63.50 63.55 63.59 63.64 63.68 63.72 63.76 63.80 63.84 63.88 63.92 63.92 
35.05 40.95 49.87 57.57 61.12 61.69 61.79 61.89 61.99 62.08 62.18 62.27 62.37 62.46 62.55 62.63 62.72 62.80 62.88 62.96 63.04 63.11 63.19 63.25 63.32 63.38 63.44 63.49 63.55 63.60 63.65 63.70 63.75 63.79 63.84 63.88 63.92 63.96 64.00 64.04 64.07 64.07 
35.27 41.17 50.09 57.77 61.30 61.85 61.95 62.05 62.15 62.24 62.34 62.43 62.53 62.62 62.71 62.79 62.88 62.96 63.04 63.12 63.20 63.27 63.34 63.41 63.47 63.53 63.60 63.65 63.70 63.76 63.81 63.85 63.90 63.95 63.99 64.03 64.07 64.11 64.15 64.19 64.23 64.23 
35.42 41.32 50.24 57.90 61.38 61.90 62.01 62.10 62.20 62.29 62.39 62.48 62.57 62.66 62.75 62.84 62.92 63.00 63.09 63.16 63.24 63.31 63.38 63.45 63.51 63.57 63.64 63.69 63.74 63.80 63.85 63.90 63.94 63.99 64.03 64.07 64.11 64.15 64.19 64.23 64.27 64.27 
35.55 41.45 50.37 58.01 61.44 61.94 62.04 62.14 62.23 62.33 62.42 62.51 62.61 62.69 62.78 62.87 62.95 63.03 63.11 63.19 63.26 63.34 63.41 63.47 63.54 63.60 63.66 63.71 63.77 63.82 63.87 63.92 63.97 64.01 64.05 64.10 64.14 64.18 64.22 64.26 64.30 64.30 
35.68 41.58 50.51 58.12 61.51 61.98 62.08 62.17 62.26 62.36 62.45 62.54 62.64 62.72 62.81 62.90 62.98 63.06 63.14 63.22 63.29 63.36 63.43 63.50 63.56 63.62 63.68 63.74 63.79 63.85 63.89 63.94 63.99 64.04 64.08 64.12 64.16 64.20 64.24 64.28 64.32 64.32 
35.81 41.71 50.64 58.23 61.58 62.01 62.11 62.21 62.30 62.39 62.48 62.57 62.67 62.75 62.84 62.93 63.01 63.09 63.17 63.24 63.31 63.39 63.46 63.52 63.58 63.65 63.71 63.76 63.82 63.87 63.92 63.97 64.01 64.06 64.10 64.15 64.19 64.23 64.27 64.31 64.31 
35.95 41.84 50.77 58.34 61.64 62.05 62.15 62.24 62.33 62.43 62.52 62.61 62.70 62.78 62.87 62.95 63.03 63.11 63.19 63.27 63.34 63.41 63.48 63.55 63.61 63.67 63.73 63.78 63.84 63.89 63.94 63.99 64.04 64.08 64.13 64.17 64.21 64.25 64.29 64.34 64.34 
36.02 41.91 50.84 58.38 61.61 61.98 62.07 62.17 62.26 62.35 62.44 62.53 62.62 62.70 62.79 62.87 62.95 63.03 63.11 63.19 63.26 63.33 63.40 63.46 63.52 63.59 63.65 63.70 63.75 63.81 63.86 63.90 63.95 64.00 64.04 64.09 64.13 64.17 64.21 64.25 64.25 
36.05 41.94 50.88 58.38 61.54 61.87 61.97 62.06 62.15 62.24 62.33 62.42 62.51 62.59 62.67 62.76 62.84 62.92 63.00 63.07 63.14 63.21 63.28 63.34 63.40 63.47 63.52 63.58 63.63 63.69 63.74 63.78 63.83 63.88 63.92 63.97 64.01 64.05 64.09 64.13 64.13 
36.08 41.97 50.92 58.39 61.48 61.77 61.86 61.95 62.04 62.13 62.22 62.31 62.39 62.48 62.56 62.64 62.72 62.80 62.88 62.95 63.02 63.09 63.16 63.22 63.29 63.35 63.40 63.46 63.51 63.57 63.62 63.66 63.71 63.76 63.80 63.85 63.89 63.93 63.97 64.01 64.01 
36.12 42.00 50.96 58.39 61.41 61.66 61.75 61.84 61.93 62.02 62.11 62.19 62.28 62.36 62.45 62.53 62.61 62.68 62.76 62.83 62.90 62.97 63.04 63.10 63.17 63.23 63.28 63.34 63.39 63.45 63.50 63.54 63.59 63.64 63.68 63.73 63.77 63.81 63.85 63.90 63.90 
36.15 42.03 51.00 58.39 61.34 61.55 61.64 61.73 61.82 61.91 62.00 62.08 62.17 62.25 62.33 62.41 62.49 62.57 62.64 62.72 62.79 62.86 62.92 62.98 63.05 63.11 63.16 63.22 63.27 63.32 63.37 63.42 63.47 63.52 63.56 63.61 63.65 63.69 63.73 63.78 63.78 
36.13 42.01 50.98 58.34 61.15 61.35 61.44 61.52 61.61 61.70 61.79 61.87 61.96 62.04 62.12 62.20 62.28 62.35 62.43 62.50 62.57 62.64 62.71 62.77 62.83 62.89 62.94 63.00 63.05 63.11 63.15 63.20 63.25 63.30 63.34 63.39 63.43 63.47 63.52 63.52 
36.06 41.94 50.92 58.24 60.90 61.08 61.17 61.26 61.35 61.44 61.52 61.61 61.69 61.77 61.85 61.93 62.01 62.08 62.16 62.23 62.30 62.37 62.43 62.49 62.55 62.62 62.67 62.72 62.78 62.83 62.88 62.93 62.98 63.02 63.07 63.11 63.15 63.20 63.24 63.24 
35.99 41.86 50.86 58.14 60.65 60.82 60.91 61.00 61.08 61.17 61.25 61.34 61.42 61.50 61.58 61.66 61.74 61.81 61.89 61.96 62.03 62.10 62.16 62.22 62.28 62.34 62.40 62.45 62.51 62.55 62.60 62.65 62.70 62.75 62.79 62.84 62.88 62.92 62.97 62.97 
35.93 41.80 50.80 58.04 60.40 60.56 60.65 60.73 60.82 60.91 60.99 61.07 61.15 61.23 61.32 61.39 61.47 61.54 61.62 61.69 61.75 61.82 61.89 61.95 62.01 62.07 62.12 62.18 62.23 62.28 62.33 62.38 62.43 62.47 62.52 62.56 62.60 62.65 62.69 62.69 
35.86 41.73 50.74 57.93 60.15 60.30 60.38 60.47 60.55 60.64 60.72 60.81 60.89 60.97 61.05 61.12 61.20 61.27 61.35 61.41 61.48 61.55 61.61 61.67 61.73 61.79 61.85 61.90 61.95 62.00 62.05 62.10 62.15 62.19 62.24 62.28 62.33 62.37 62.41 62.41 
35.75 41.61 50.63 57.76 59.81 59.95 60.04 60.12 60.21 60.29 60.38 60.46 60.54 60.62 60.70 60.77 60.85 60.92 60.99 61.06 61.13 61.20 61.26 61.32 61.38 61.44 61.49 61.55 61.60 61.65 61.70 61.75 61.79 61.84 61.88 61.93 61.97 62.01 62.01 
35.57 41.42 50.51 57.46 59.40 59.54 59.62 59.71 59.79 59.87 59.96 60.04 60.12 60.20 60.28 60.35 60.42 60.50 60.57 60.64 60.71 60.77 60.83 60.89 60.95 61.01 61.06 61.12 61.17 61.22 61.27 61.31 61.36 61.41 61.45 61.49 61.54 61.58 61.58 
35.39 41.25 50.39 57.17 58.99 59.12 59.21 59.29 59.37 59.46 59.54 59.62 59.70 59.78 59.86 59.93 60.00 60.08 60.15 60.21 60.28 60.35 60.41 60.47 60.53 60.58 60.64 60.69 60.74 60.79 60.84 60.89 60.93 60.98 61.02 61.06 61.11 61.15 61.15 
35.22 41.07 50.26 56.87 58.58 58.71 58.79 58.87 58.96 59.04 59.12 59.20 59.28 59.36 59.44 59.51 59.58 59.66 59.72 59.79 59.86 59.92 59.98 60.04 60.10 60.16 60.21 60.26 60.31 60.36 60.41 60.46 60.50 60.55 60.59 60.63 60.68 60.72 60.72 
35.05 40.90 50.13 56.56 58.17 58.29 58.37 58.46 58.54 58.62 58.70 58.78 58.86 58.94 59.01 59.09 59.16 59.23 59.30 59.37 59.43 59.50 59.56 59.62 59.67 59.73 59.78 59.83 59.88 59.93 59.98 60.03 60.07 60.12 60.16 60.20 60.25 60.29 60.29 
34.86 40.69 49.97 56.22 57.73 57.85 57.93 58.01 58.10 58.18 58.26 58.34 58.41 58.49 58.57 58.64 58.71 58.78 58.85 58.92 58.98 59.04 59.10 59.16 59.22 59.27 59.33 59.38 59.43 59.48 59.52 59.57 59.62 59.66 59.70 59.75 59.79 59.79 
34.56 40.39 49.73 55.77 57.16 57.28 57.36 57.44 57.52 57.60 57.68 57.76 57.84 57.91 57.99 58.06 58.13 58.21 58.27 58.34 58.40 58.46 58.52 58.58 58.64 58.69 58.74 58.79 58.84 58.89 58.94 58.98 59.03 59.07 59.11 59.16 59.20 59.20 
34.27 40.10 49.48 55.31 56.60 56.71 56.79 56.87 56.95 57.03 57.11 57.19 57.26 57.34 57.41 57.49 57.56 57.63 57.69 57.76 57.83 57.88 57.94 58.00 58.05 58.11 58.16 58.21 58.26 58.31 58.35 58.40 58.44 58.48 58.52 58.57 58.61 58.61 
33.99 39.81 49.23 54.86 56.03 56.14 56.22 56.30 56.38 56.46 56.54 56.62 56.69 56.77 56.84 56.91 56.98 57.05 57.12 57.18 57.25 57.30 57.36 57.42 57.47 57.52 57.58 57.62 57.67 57.72 57.76 57.81 57.85 57.90 57.94 57.98 58.02 58.02 
33.70 39.51 48.97 54.38 55.46 55.56 55.65 55.73 55.81 55.88 55.96 56.04 56.11 56.19 56.26 56.33 56.40 56.47 56.54 56.60 56.66 56.72 56.78 56.84 56.89 56.94 56.99 57.04 57.09 57.13 57.18 57.22 57.26 57.31 57.35 57.39 57.39 
33.34 39.15 48.64 53.82 54.80 54.90 54.98 55.06 55.14 55.22 55.30 55.37 55.45 55.52 55.59 55.66 55.73 55.80 55.86 55.93 55.99 56.05 56.10 56.16 56.21 56.26 56.31 56.36 56.40 56.45 56.49 56.54 56.58 56.62 56.66 56.70 56.70 
32.93 38.74 48.21 53.18 54.07 54.16 54.24 54.32 54.40 54.48 54.56 54.63 54.70 54.78 54.85 54.92 54.99 55.05 55.12 55.18 55.24 55.29 55.35 55.41 55.46 55.51 55.56 55.60 55.65 55.69 55.74 55.78 55.82 55.86 55.90 55.94 55.94 
32.56 38.36 47.76 52.53 53.34 53.43 53.51 53.59 53.67 53.74 53.82 53.89 53.97 54.04 54.11 54.18 54.25 54.31 54.37 54.44 54.49 54.55 54.60 54.66 54.71 54.76 54.80 54.85 54.90 54.94 54.98 55.02 55.06 55.10 55.14 55.14 
32.19 37.98 47.30 51.88 52.61 52.70 52.78 52.85 52.93 53.01 53.08 53.15 53.23 53.30 53.37 53.44 53.50 53.57 53.63 53.69 53.75 53.80 53.86 53.91 53.96 54.01 54.05 54.10 54.14 54.18 54.23 54.27 54.31 54.35 54.39 54.39 
31.82 37.59 46.82 51.21 51.87 51.96 52.03 52.11 52.19 52.26 52.34 52.41 52.48 52.55 52.62 52.69 52.75 52.82 52.88 52.94 52.99 53.05 53.10 53.15 53.20 53.25 53.29 53.34 53.38 53.42 53.46 53.50 53.54 53.58 53.62 53.62 
31.29 37.06 46.18 50.37 50.95 51.04 51.11 51.19 51.26 51.34 51.41 51.48 51.56 51.62 51.69 51.76 51.82 51.88 51.94 52.00 52.06 52.11 52.16 52.21 52.26 52.30 52.35 52.39 52.43 52.48 52.51 52.55 52.59 52.63 52.63 
30.75 36.51 45.53 49.53 50.03 50.12 50.19 50.27 50.34 50.41 50.49 50.56 50.63 50.69 50.76 50.83 50.89 50.95 51.01 51.06 51.12 51.17 51.22 51.27 51.32 51.36 51.40 51.45 51.49 51.53 51.56 51.60 51.64 51.68 51.68 
30.21 35.96 44.88 48.69 49.12 49.20 49.27 49.34 49.42 49.49 49.56 49.63 49.70 49.77 49.83 49.90 49.96 50.01 50.07 50.13 50.18 50.23 50.28 50.32 50.37 50.41 50.46 50.50 50.54 50.58 50.61 50.65 50.69 50.72 50.73 
29.67 35.40 44.19 47.83 48.19 48.27 48.34 48.41 48.49 48.56 48.63 48.70 48.76 48.83 48.89 48.96 49.01 49.07 49.13 49.18 49.23 49.28 49.33 49.38 49.42 49.46 49.50 49.54 49.58 49.62 49.66 49.69 49.73 49.73 
28.98 34.70 43.34 46.81 47.11 47.18 47.25 47.32 47.39 47.46 47.53 47.60 47.67 47.73 47.79 47.85 47.91 47.97 48.02 48.07 48.12 48.17 48.21 48.26 48.30 48.34 48.38 48.42 48.46 48.49 48.53 48.57 48.60 48.60 
28.21 33.92 42.44 45.73 45.96 46.03 46.10 46.17 46.24 46.31 46.37 46.44 46.50 46.56 46.63 46.69 46.74 46.80 46.85 46.90 46.95 46.99 47.04 47.08 47.12 47.16 47.20 47.23 47.27 47.31 47.34 47.38 47.37 
27.46 33.15 41.56 44.61 44.82 44.89 44.96 45.02 45.09 45.16 45.22 45.28 45.35 45.41 45.47 45.52 45.58 45.63 45.68 45.73 45.78 45.82 45.86 45.90 45.94 45.98 46.02 46.05 46.09 46.12 46.15 46.19 46.19 
26.68 32.35 40.64 43.46 43.66 43.73 43.80 43.86 43.93 43.99 44.05 44.12 44.18 44.23 44.29 44.35 44.40 44.45 44.50 44.55 44.59 44.63 44.67 44.71 44.75 44.79 44.82 44.86 44.89 44.92 44.95 44.98 44.99 
25.68 31.34 39.50 42.09 42.28 42.34 42.40 42.47 42.53 42.59 42.65 42.71 42.77 42.83 42.88 42.93 42.99 43.03 43.08 43.13 43.17 43.21 43.25 43.28 43.32 43.35 43.39 43.42 43.45 43.48 43.52 43.51 
24.66 30.29 38.33 40.71 40.87 40.93 40.99 41.05 41.11 41.17 41.23 41.29 41.34 41.40 41.45 41.50 41.55 41.59 41.64 41.68 41.72 41.76 41.80 41.83 41.87 41.90 41.93 41.96 41.99 42.02 42.05 42.05 
23.61 29.22 37.15 39.31 39.45 39.51 39.57 39.63 39.69 39.75 39.80 39.86 39.91 39.96 40.01 40.06 40.10 40.15 40.19 40.23 40.27 40.30 40.34 40.37 40.41 40.44 40.47 40.49 40.52 40.55 40.55 
21.81 27.45 35.50 37.75 37.89 37.95 38.01 38.06 38.12 38.17 38.23 38.28 38.33 38.38 38.42 38.47 38.52 38.55 38.60 38.63 38.67 38.70 38.74 38.77 38.80 38.83 38.85 38.88 38.91 38.94 38.94 
18.80 24.51 33.11 35.98 36.16 36.21 36.27 36.32 36.37 36.42 36.47 36.53 36.57 36.62 36.66 36.71 36.75 36.78 36.82 36.86 36.89 36.93 36.95 36.99 37.01 37.04 37.07 37.09 37.12 37.12 
15.78 21.57 30.72 34.20 34.43 34.48 34.53 34.59 34.63 34.68 34.73 34.78 34.82 34.87 34.91 34.95 34.99 35.02 35.06 35.09 35.12 35.15 35.18 35.21 35.24 35.26 35.29 35.31 35.33 35.34 
13.18 19.03 28.46 32.28 32.58 32.62 32.67 32.72 32.77 32.81 32.86 32.90 32.94 32.98 33.02 33.06 33.09 33.13 33.16 33.19 33.22 33.25 33.27 33.30 33.32 33.35 33.37 33.40 33.39 
11.72 17.53 26.78 30.23 30.50 30.54 30.59 30.63 30.68 30.71 30.76 30.80 30.84 30.87 30.91 30.95 30.97 31.01 31.04 31.06 31.09 31.11 31.14 31.16 31.19 31.21 31.23 31.25 31.25 
10.25 16.03 25.12 28.20 28.42 28.46 28.50 28.54 28.58 28.62 28.66 28.70 28.73 28.77 28.80 28.83 28.86 28.89 28.91 28.94 28.96 28.98 29.01 29.03 29.05 29.07 29.09 29.09 
8.60 14.35 23.23 25.93 26.12 26.16 26.19 26.23 26.27 26.30 26.34 26.37 26.40 26.43 26.46 26.49 26.52 26.54 26.56 26.59 26.61 26.63 26.65 26.67 26.68 26.70 26.70 
6.77 12.48 21.21 23.51 23.65 23.69 23.72 23.76 23.79 23.82 23.85 23.88 23.91 23.94 23.96 23.99 24.01 24.03 24.05 24.07 24.09 24.11 24.13 24.15 24.16 24.18 24.18 
4.95 10.62 19.04 21.04 21.16 21.19 21.22 21.25 21.28 21.31 21.33 21.36 21.38 21.41 21.43 21.45 21.47 21.49 21.51 21.53 21.54 21.56 21.57 21.59 21.60 21.60 
2.80 8.44 16.47 18.15 18.25 18.28 18.30 18.33 18.35 18.38 18.40 18.43 18.45 18.47 18.49 18.51 18.52 18.54 18.55 18.57 18.58 18.60 18.61 18.62 18.62 
0.63 6.23 13.93 15.28 15.35 15.38 15.40 15.42 15.44 15.46 15.48 15.50 15.52 15.54 15.56 15.57 15.59 15.60 15.62 15.63 15.64 15.65 15.66 15.66 
-1.62 3.92 11.30 12.38 12.42 12.44 12.46 12.48 12.50 12.51 12.53 12.55 12.57 12.58 12.60 12.61 12.62 12.63 12.64 12.65 12.67 12.68 12.68 
-3.95 1.52 8.49 9.36 9.38 9.40 9.41 9.43 9.45 9.46 9.48 9.49 9.51 9.52 9.53 9.54 9.55 9.56 9.57 9.58 9.59 9.59 
-6.38 -1.00 5.34 6.13 6.14 6.16 6.17 6.19 6.20 6.21 6.22 6.24 6.25 6.26 6.27 6.27 6.28 6.29 6.30 6.31 6.31 
-9.08 -3.77 1.98 2.65 2.66 2.68 2.69 2.70 2.71 2.72 2.73 2.74 2.75 2.76 2.76 2.77 2.78 2.79 2.79 2.79 
-11.94 -6.71 -1.57 -1.02 -1.01 -1.00 -0.99 -0.98 -0.97 -0.96 -0.96 -0.95 -0.94 -0.94 -0.93 -0.92 -0.92 -0.92 -0.92 
-14.87 -9.73 -5.03 -4.58 -4.58 -4.57 -4.56 -4.55 -4.55 -4.54 -4.53 -4.53 -4.52 -4.52 -4.51 -4.51 -4.51 
-17.98 -12.99 -8.74 -8.39 -8.38 -8.38 -8.37 -8.37 -8.36 -8.36 -8.35 -8.35 -8.35 -8.34 -8.34 -8.34 
-21.10 -16.21 -12.25 -12.01 -12.00 -12.00 -11.99 -11.99 -11.99 -11.98 -11.98 -11.98 -11.98 -11.97 -11.97 
-24.16 -19.43 -15.66 -15.51 -15.50 -15.50 -15.50 -15.50 -15.49 -15.49 -15.49 -15.49 -15.49 
-27.45 -22.92 -19.20 -19.17 -19.17 -19.16 -19.16 -19.16 -19.16 -19.16 -19.16 -19.16 
-31.14 -27.03 -23.26 -23.26 -23.26 -23.26 -23.26 -23.26 -23.26 -23.26 
-33.49 -29.70 -25.83 -25.83 -25.83 -25.83 -25.83 -25.83 
-37.39 -33.98 -30.04 -30.04 -30.04 -30.04 
-40.23 -40.23 
