1104.0 1104.0 979.0 1104.0 
1104.0 1104.0 1000.0 1125.0 1125.0 1125.0 1125.0 
1083.0 896.0 938.0 1146.0 1146.0 1146.0 1146.0 1146.0 
1083.0 646.0 833.0 1167.0 1167.0 1167.0 1167.0 1167.0 1167.0 1167.0 
1083.0 600 875.0 1208.0 1208.0 1208.0 1208.0 1208.0 1208.0 1208.0 1208.0 
1104.0 600 833.0 1250.0 1250.0 1250.0 1250.0 1250.0 1250.0 1250.0 1250.0 1250.0 1250.0 
1062.0 600 667.0 1271.0 1271.0 1271.0 1271.0 1271.0 1271.0 1271.0 1271.0 1271.0 1271.0 1271.0 
1062.0 600 600 1312.0 1312.0 1312.0 1312.0 1312.0 1312.0 1312.0 1312.0 1312.0 1312.0 1312.0 1312.0 
1104.0 600 604.0 1333.0 1333.0 1333.0 1333.0 1333.0 1354.0 1354.0 1354.0 1354.0 1354.0 1354.0 1354.0 1354.0 
1125.0 600 646.0 1375.0 1375.0 1375.0 1375.0 1375.0 1375.0 1375.0 1375.0 1375.0 1375.0 1375.0 1375.0 1375.0 1375.0 
1146.0 600 667.0 1417.0 1417.0 1417.0 1417.0 1417.0 1417.0 1417.0 1417.0 1417.0 1417.0 1417.0 1417.0 1417.0 1417.0 1417.0 
1167.0 600 688.0 1438.0 1438.0 1438.0 1438.0 1438.0 1438.0 1438.0 1438.0 1438.0 1438.0 1438.0 1438.0 1438.0 1438.0 1438.0 1438.0 
1208.0 600 708.0 1396.0 1479.0 1479.0 1479.0 1479.0 1479.0 1479.0 1479.0 1479.0 1479.0 1479.0 1479.0 1479.0 1479.0 1479.0 1479.0 1479.0 
1188.0 600 600 1438.0 1500.0 1500.0 1500.0 1500.0 1500.0 1500.0 1500.0 1500.0 1500.0 1500.0 1500.0 1500.0 1500.0 1521.0 1521.0 1521.0 1521.0 
1188.0 600 600 1396.0 1542.0 1542.0 1542.0 1542.0 1542.0 1542.0 1542.0 1542.0 1542.0 1542.0 1542.0 1542.0 1542.0 1542.0 1542.0 1542.0 1542.0 1542.0 
1208.0 600 600 1354.0 1562.0 1562.0 1562.0 1562.0 1562.0 1562.0 1562.0 1562.0 1562.0 1562.0 1583.0 1583.0 1583.0 1583.0 1583.0 1583.0 1583.0 1583.0 1583.0 
1229.0 600 600 1396.0 1604.0 1604.0 1604.0 1604.0 1604.0 1604.0 1604.0 1604.0 1604.0 1604.0 1604.0 1604.0 1604.0 1604.0 1604.0 1604.0 1604.0 1604.0 1604.0 
1250.0 600 600 1417.0 1625.0 1625.0 1625.0 1625.0 1625.0 1625.0 1625.0 1625.0 1625.0 1625.0 1625.0 1625.0 1625.0 1625.0 1646.0 1646.0 1646.0 1646.0 1646.0 1646.0 
1292.0 600 600 1375.0 1646.0 1646.0 1646.0 1646.0 1646.0 1667.0 1667.0 1667.0 1667.0 1667.0 1667.0 1667.0 1667.0 1667.0 1667.0 1667.0 1667.0 1667.0 1667.0 1667.0 
1312.0 600 600 1333.0 1688.0 1688.0 1688.0 1688.0 1688.0 1688.0 1688.0 1688.0 1688.0 1688.0 1688.0 1688.0 1688.0 1688.0 1688.0 1688.0 1688.0 1688.0 1688.0 1688.0 1688.0 
1333.0 600 600 1354.0 1708.0 1708.0 1708.0 1708.0 1708.0 1708.0 1708.0 1708.0 1708.0 1708.0 1708.0 1708.0 1708.0 1708.0 1708.0 1729.0 1729.0 1729.0 1729.0 1729.0 1729.0 1729.0 
1729.0 979.0 667.0 1312.0 1729.0 1729.0 1729.0 1729.0 1729.0 1729.0 1729.0 1729.0 1729.0 1750.0 1750.0 1750.0 1750.0 1750.0 1750.0 1750.0 1750.0 1750.0 1750.0 1750.0 1750.0 1750.0 
1750.0 1000.0 750.0 1333.0 1750.0 1750.0 1750.0 1750.0 1750.0 1771.0 1771.0 1771.0 1771.0 1771.0 1771.0 1771.0 1771.0 1771.0 1771.0 1771.0 1771.0 1771.0 1771.0 1771.0 1771.0 1771.0 1771.0 
1771.0 1083.0 771.0 1333.0 1708.0 1771.0 1771.0 1792.0 1792.0 1792.0 1792.0 1792.0 1792.0 1792.0 1792.0 1792.0 1792.0 1792.0 1792.0 1792.0 1792.0 1792.0 1792.0 1792.0 1792.0 1792.0 1792.0 
1792.0 1104.0 854.0 1354.0 1729.0 1812.0 1812.0 1812.0 1812.0 1812.0 1812.0 1812.0 1812.0 1812.0 1812.0 1812.0 1812.0 1812.0 1812.0 1812.0 1812.0 1812.0 1812.0 1812.0 1812.0 1812.0 1812.0 
1438.0 750.0 667.0 1312.0 1750.0 1833.0 1833.0 1833.0 1833.0 1833.0 1833.0 1833.0 1833.0 1833.0 1833.0 1833.0 1833.0 1833.0 1833.0 1833.0 1833.0 1833.0 1833.0 1833.0 1854.0 1854.0 1854.0 1854.0 
1458.0 771.0 750.0 1333.0 1708.0 1854.0 1854.0 1854.0 1854.0 1854.0 1854.0 1854.0 1854.0 1854.0 1854.0 1854.0 1854.0 1854.0 1854.0 1854.0 1854.0 1854.0 1854.0 1875.0 1875.0 1875.0 1875.0 1875.0 
1479.0 792.0 833.0 1333.0 1729.0 1875.0 1875.0 1875.0 1875.0 1875.0 1875.0 1875.0 1875.0 1875.0 1875.0 1875.0 1875.0 1875.0 1875.0 1875.0 1875.0 1875.0 1875.0 1896.0 1896.0 1896.0 1896.0 1896.0 
1500.0 812.0 833.0 1354.0 1750.0 1896.0 1896.0 1896.0 1896.0 1896.0 1896.0 1896.0 1896.0 1896.0 1896.0 1896.0 1896.0 1896.0 1896.0 1896.0 1896.0 1896.0 1917.0 1917.0 1917.0 1917.0 1917.0 1917.0 1917.0 
1521.0 833.0 917.0 1375.0 1771.0 1917.0 1917.0 1917.0 1917.0 1917.0 1917.0 1917.0 1917.0 1917.0 1917.0 1917.0 1917.0 1917.0 1917.0 1917.0 1917.0 1917.0 1917.0 1938.0 1938.0 1938.0 1938.0 1938.0 1938.0 
1521.0 833.0 1000.0 1312.0 1792.0 1917.0 1938.0 1938.0 1938.0 1938.0 1938.0 1938.0 1938.0 1938.0 1938.0 1938.0 1938.0 1938.0 1938.0 1938.0 1938.0 1938.0 1938.0 1938.0 1938.0 1958.0 1958.0 1958.0 1958.0 
1542.0 854.0 1021.0 1333.0 1750.0 1938.0 1938.0 1958.0 1958.0 1958.0 1958.0 1958.0 1958.0 1958.0 1958.0 1958.0 1958.0 1958.0 1958.0 1958.0 1958.0 1958.0 1958.0 1958.0 1958.0 1958.0 1958.0 1958.0 1979.0 1979.0 
1562.0 875.0 1042.0 1354.0 1771.0 1958.0 1958.0 1958.0 1979.0 1979.0 1979.0 1979.0 1979.0 1979.0 1979.0 1979.0 1979.0 1979.0 1979.0 1979.0 1979.0 1979.0 1979.0 1979.0 1979.0 1979.0 1979.0 1979.0 1979.0 1979.0 
1583.0 896.0 1042.0 1354.0 1771.0 1979.0 1979.0 1979.0 1979.0 1979.0 2000.0 2000.0 2000.0 2000.0 2000.0 2000.0 2000.0 2000.0 2000.0 2000.0 2000.0 2000.0 2000.0 2000.0 2000.0 2000.0 2000.0 2000.0 2000.0 2000.0 
1583.0 896.0 1125.0 1438.0 1792.0 2000.0 2000.0 2000.0 2000.0 2000.0 2000.0 2000.0 2000.0 2021.0 2021.0 2021.0 2021.0 2021.0 2021.0 2021.0 2021.0 2021.0 2021.0 2021.0 2021.0 2021.0 2021.0 2021.0 2021.0 2021.0 
1604.0 917.0 1146.0 1458.0 1792.0 1958.0 2021.0 2021.0 2021.0 2021.0 2021.0 2021.0 2021.0 2021.0 2021.0 2021.0 2042.0 2042.0 2042.0 2042.0 2042.0 2042.0 2042.0 2042.0 2042.0 2042.0 2042.0 2042.0 2042.0 2042.0 2042.0 
1625.0 938.0 1146.0 1458.0 1812.0 1979.0 2042.0 2042.0 2042.0 2042.0 2042.0 2042.0 2042.0 2042.0 2042.0 2042.0 2042.0 2042.0 2042.0 2042.0 2062.0 2062.0 2062.0 2062.0 2062.0 2062.0 2062.0 2062.0 2062.0 2062.0 2062.0 
1625.0 938.0 1104.0 1542.0 1833.0 1979.0 2062.0 2062.0 2062.0 2062.0 2062.0 2062.0 2062.0 2062.0 2062.0 2062.0 2062.0 2062.0 2062.0 2062.0 2062.0 2062.0 2062.0 2062.0 2062.0 2083.0 2083.0 2083.0 2083.0 2083.0 2083.0 
1646.0 958.0 1125.0 1562.0 1833.0 2000.0 2062.0 2062.0 2062.0 2062.0 2083.0 2083.0 2083.0 2083.0 2083.0 2083.0 2083.0 2083.0 2083.0 2083.0 2083.0 2083.0 2083.0 2083.0 2083.0 2083.0 2083.0 2083.0 2083.0 2083.0 2083.0 
1667.0 979.0 1125.0 1562.0 1854.0 2021.0 2083.0 2083.0 2083.0 2083.0 2083.0 2083.0 2083.0 2083.0 2104.0 2104.0 2104.0 2104.0 2104.0 2104.0 2104.0 2104.0 2104.0 2104.0 2104.0 2104.0 2104.0 2104.0 2104.0 2104.0 2104.0 2104.0 
1667.0 979.0 1146.0 1583.0 1792.0 2042.0 2104.0 2104.0 2104.0 2104.0 2104.0 2104.0 2104.0 2104.0 2104.0 2104.0 2104.0 2104.0 2125.0 2125.0 2125.0 2125.0 2125.0 2125.0 2125.0 2125.0 2125.0 2125.0 2125.0 2125.0 2125.0 2125.0 
1688.0 1000.0 1167.0 1604.0 1812.0 2042.0 2125.0 2125.0 2125.0 2125.0 2125.0 2125.0 2125.0 2125.0 2125.0 2125.0 2125.0 2125.0 2125.0 2125.0 2125.0 2125.0 2125.0 2125.0 2146.0 2146.0 2146.0 2146.0 2146.0 2146.0 2146.0 2146.0 
1708.0 1021.0 1167.0 1604.0 1833.0 2062.0 2125.0 2125.0 2125.0 2125.0 2125.0 2146.0 2146.0 2146.0 2146.0 2146.0 2146.0 2146.0 2146.0 2146.0 2146.0 2146.0 2146.0 2146.0 2146.0 2146.0 2146.0 2146.0 2146.0 2146.0 2146.0 2146.0 
1708.0 1021.0 1188.0 1688.0 1833.0 2083.0 2146.0 2146.0 2146.0 2146.0 2146.0 2146.0 2146.0 2146.0 2146.0 2146.0 2167.0 2167.0 2167.0 2167.0 2167.0 2167.0 2167.0 2167.0 2167.0 2167.0 2167.0 2167.0 2167.0 2167.0 2167.0 2167.0 
1729.0 979.0 1188.0 1708.0 1792.0 2083.0 2167.0 2167.0 2167.0 2167.0 2167.0 2167.0 2167.0 2167.0 2167.0 2167.0 2167.0 2167.0 2167.0 2167.0 2167.0 2167.0 2167.0 2188.0 2188.0 2188.0 2188.0 2188.0 2188.0 2188.0 2188.0 2188.0 2188.0 
1729.0 979.0 1208.0 1708.0 1854.0 2104.0 2167.0 2167.0 2167.0 2167.0 2167.0 2188.0 2188.0 2188.0 2188.0 2188.0 2188.0 2188.0 2188.0 2188.0 2188.0 2188.0 2188.0 2188.0 2188.0 2188.0 2188.0 2188.0 2188.0 2188.0 2188.0 2188.0 2188.0 
1750.0 1000.0 1229.0 1729.0 1875.0 2125.0 2188.0 2188.0 2188.0 2188.0 2188.0 2188.0 2188.0 2188.0 2188.0 2188.0 2208.0 2208.0 2208.0 2208.0 2208.0 2208.0 2208.0 2208.0 2208.0 2208.0 2208.0 2208.0 2208.0 2208.0 2208.0 2208.0 2208.0 
1750.0 1062.0 1167.0 1729.0 1875.0 2125.0 2188.0 2208.0 2208.0 2208.0 2208.0 2208.0 2208.0 2208.0 2208.0 2208.0 2208.0 2208.0 2208.0 2208.0 2208.0 2208.0 2208.0 2208.0 2229.0 2229.0 2229.0 2229.0 2229.0 2229.0 2229.0 2229.0 2229.0 
1771.0 1021.0 1188.0 1750.0 1896.0 2146.0 2208.0 2208.0 2208.0 2208.0 2208.0 2208.0 2208.0 2229.0 2229.0 2229.0 2229.0 2229.0 2229.0 2229.0 2229.0 2229.0 2229.0 2229.0 2229.0 2229.0 2229.0 2229.0 2229.0 2229.0 2229.0 2229.0 2229.0 
1771.0 1021.0 1125.0 1896.0 1833.0 2146.0 2229.0 2229.0 2229.0 2229.0 2229.0 2229.0 2229.0 2229.0 2229.0 2229.0 2229.0 2229.0 2229.0 2229.0 2250.0 2250.0 2250.0 2250.0 2250.0 2250.0 2250.0 2250.0 2250.0 2250.0 2250.0 2250.0 2250.0 
1792.0 1042.0 1146.0 1896.0 1854.0 2167.0 2229.0 2229.0 2229.0 2229.0 2250.0 2250.0 2250.0 2250.0 2250.0 2250.0 2250.0 2250.0 2250.0 2250.0 2250.0 2250.0 2250.0 2250.0 2250.0 2250.0 2250.0 2250.0 2250.0 2250.0 2271.0 2271.0 2271.0 2271.0 
1792.0 979.0 1146.0 1917.0 1854.0 2167.0 2250.0 2250.0 2250.0 2250.0 2250.0 2250.0 2250.0 2250.0 2250.0 2250.0 2250.0 2271.0 2271.0 2271.0 2271.0 2271.0 2271.0 2271.0 2271.0 2271.0 2271.0 2271.0 2271.0 2271.0 2271.0 2271.0 2271.0 2271.0 
1812.0 1000.0 1167.0 1917.0 1875.0 2188.0 2250.0 2250.0 2250.0 2271.0 2271.0 2271.0 2271.0 2271.0 2271.0 2271.0 2271.0 2271.0 2271.0 2271.0 2271.0 2271.0 2271.0 2271.0 2271.0 2271.0 2271.0 2292.0 2292.0 2292.0 2292.0 2292.0 2292.0 2292.0 
1812.0 1000.0 1167.0 1938.0 1875.0 2188.0 2271.0 2271.0 2271.0 2271.0 2271.0 2271.0 2271.0 2271.0 2271.0 2271.0 2292.0 2292.0 2292.0 2292.0 2292.0 2292.0 2292.0 2292.0 2292.0 2292.0 2292.0 2292.0 2292.0 2292.0 2292.0 2292.0 2292.0 2292.0 
1833.0 1021.0 1188.0 1938.0 1896.0 2208.0 2271.0 2271.0 2292.0 2292.0 2292.0 2292.0 2292.0 2292.0 2292.0 2292.0 2292.0 2292.0 2292.0 2292.0 2292.0 2292.0 2292.0 2292.0 2292.0 2292.0 2292.0 2312.0 2312.0 2312.0 2312.0 2312.0 2312.0 2312.0 
1833.0 1021.0 1188.0 1958.0 1896.0 2208.0 2292.0 2292.0 2292.0 2292.0 2292.0 2292.0 2292.0 2292.0 2292.0 2292.0 2312.0 2312.0 2312.0 2312.0 2312.0 2312.0 2312.0 2312.0 2312.0 2312.0 2312.0 2312.0 2312.0 2312.0 2312.0 2312.0 2312.0 2312.0 
1833.0 1021.0 1146.0 1958.0 1979.0 2229.0 2292.0 2292.0 2292.0 2312.0 2312.0 2312.0 2312.0 2312.0 2312.0 2312.0 2312.0 2312.0 2312.0 2312.0 2312.0 2312.0 2312.0 2312.0 2312.0 2312.0 2312.0 2333.0 2333.0 2333.0 2333.0 2333.0 2333.0 2333.0 
1854.0 1042.0 1146.0 1979.0 1979.0 2229.0 2312.0 2312.0 2312.0 2312.0 2312.0 2312.0 2312.0 2312.0 2312.0 2312.0 2312.0 2333.0 2333.0 2333.0 2333.0 2333.0 2333.0 2333.0 2333.0 2333.0 2333.0 2333.0 2333.0 2333.0 2333.0 2333.0 2333.0 2333.0 
2250.0 1438.0 1375.0 1979.0 2000.0 2250.0 2312.0 2312.0 2312.0 2312.0 2312.0 2333.0 2333.0 2333.0 2333.0 2333.0 2333.0 2333.0 2333.0 2333.0 2333.0 2333.0 2333.0 2333.0 2333.0 2333.0 2333.0 2333.0 2333.0 2333.0 2333.0 2354.0 2354.0 2354.0 
2250.0 1375.0 1375.0 1938.0 2062.0 2250.0 2333.0 2333.0 2333.0 2333.0 2333.0 2333.0 2333.0 2333.0 2333.0 2333.0 2333.0 2333.0 2333.0 2333.0 2354.0 2354.0 2354.0 2354.0 2354.0 2354.0 2354.0 2354.0 2354.0 2354.0 2354.0 2354.0 2354.0 2354.0 
2271.0 1396.0 1396.0 1938.0 2083.0 2250.0 2333.0 2333.0 2333.0 2333.0 2333.0 2333.0 2333.0 2354.0 2354.0 2354.0 2354.0 2354.0 2354.0 2354.0 2354.0 2354.0 2354.0 2354.0 2354.0 2354.0 2354.0 2354.0 2354.0 2354.0 2354.0 2354.0 2354.0 2354.0 2354.0 
2271.0 1458.0 1396.0 1938.0 2083.0 2271.0 2333.0 2333.0 2354.0 2354.0 2354.0 2354.0 2354.0 2354.0 2354.0 2354.0 2354.0 2354.0 2354.0 2354.0 2354.0 2354.0 2354.0 2354.0 2375.0 2375.0 2375.0 2375.0 2375.0 2375.0 2375.0 2375.0 2375.0 2375.0 2375.0 
1896.0 1021.0 1188.0 1958.0 2083.0 2271.0 2354.0 2354.0 2354.0 2354.0 2354.0 2354.0 2354.0 2354.0 2354.0 2354.0 2354.0 2375.0 2375.0 2375.0 2375.0 2375.0 2375.0 2375.0 2375.0 2375.0 2375.0 2375.0 2375.0 2375.0 2375.0 2375.0 2375.0 2375.0 2375.0 
1896.0 1021.0 1188.0 1896.0 2104.0 2271.0 2354.0 2354.0 2354.0 2354.0 2354.0 2375.0 2375.0 2375.0 2375.0 2375.0 2375.0 2375.0 2375.0 2375.0 2375.0 2375.0 2375.0 2375.0 2375.0 2375.0 2375.0 2375.0 2375.0 2375.0 2375.0 2396.0 2396.0 2396.0 2396.0 
1896.0 1021.0 1208.0 1917.0 2104.0 2292.0 2375.0 2375.0 2375.0 2375.0 2375.0 2375.0 2375.0 2375.0 2375.0 2375.0 2375.0 2375.0 2375.0 2375.0 2375.0 2375.0 2396.0 2396.0 2396.0 2396.0 2396.0 2396.0 2396.0 2396.0 2396.0 2396.0 2396.0 2396.0 2396.0 
1917.0 1042.0 1146.0 1917.0 2125.0 2292.0 2375.0 2375.0 2375.0 2375.0 2375.0 2375.0 2375.0 2375.0 2375.0 2396.0 2396.0 2396.0 2396.0 2396.0 2396.0 2396.0 2396.0 2396.0 2396.0 2396.0 2396.0 2396.0 2396.0 2396.0 2396.0 2396.0 2396.0 2396.0 2396.0 
1917.0 1042.0 1146.0 1917.0 2125.0 2292.0 2375.0 2375.0 2375.0 2375.0 2375.0 2396.0 2396.0 2396.0 2396.0 2396.0 2396.0 2396.0 2396.0 2396.0 2396.0 2396.0 2396.0 2396.0 2396.0 2396.0 2396.0 2396.0 2396.0 2396.0 2417.0 2417.0 2417.0 2417.0 2417.0 
1917.0 1042.0 1167.0 1938.0 2125.0 2312.0 2375.0 2396.0 2396.0 2396.0 2396.0 2396.0 2396.0 2396.0 2396.0 2396.0 2396.0 2396.0 2396.0 2396.0 2396.0 2396.0 2417.0 2417.0 2417.0 2417.0 2417.0 2417.0 2417.0 2417.0 2417.0 2417.0 2417.0 2417.0 2417.0 
1917.0 1042.0 1167.0 1938.0 2208.0 2312.0 2396.0 2396.0 2396.0 2396.0 2396.0 2396.0 2396.0 2396.0 2396.0 2396.0 2396.0 2417.0 2417.0 2417.0 2417.0 2417.0 2417.0 2417.0 2417.0 2417.0 2417.0 2417.0 2417.0 2417.0 2417.0 2417.0 2417.0 2417.0 2417.0 
1938.0 1062.0 1167.0 1938.0 2208.0 2312.0 2396.0 2396.0 2396.0 2396.0 2396.0 2396.0 2417.0 2417.0 2417.0 2417.0 2417.0 2417.0 2417.0 2417.0 2417.0 2417.0 2417.0 2417.0 2417.0 2417.0 2417.0 2417.0 2417.0 2417.0 2417.0 2417.0 2417.0 2438.0 2438.0 
1938.0 1062.0 1188.0 1958.0 2208.0 2312.0 2396.0 2396.0 2417.0 2417.0 2417.0 2417.0 2417.0 2417.0 2417.0 2417.0 2417.0 2417.0 2417.0 2417.0 2417.0 2417.0 2417.0 2417.0 2417.0 2438.0 2438.0 2438.0 2438.0 2438.0 2438.0 2438.0 2438.0 2438.0 2438.0 
1938.0 1062.0 1125.0 1958.0 2229.0 2333.0 2417.0 2417.0 2417.0 2417.0 2417.0 2417.0 2417.0 2417.0 2417.0 2417.0 2417.0 2417.0 2417.0 2438.0 2438.0 2438.0 2438.0 2438.0 2438.0 2438.0 2438.0 2438.0 2438.0 2438.0 2438.0 2438.0 2438.0 2438.0 2438.0 
1938.0 1062.0 1125.0 1958.0 2229.0 2333.0 2417.0 2417.0 2417.0 2417.0 2417.0 2417.0 2417.0 2417.0 2417.0 2438.0 2438.0 2438.0 2438.0 2438.0 2438.0 2438.0 2438.0 2438.0 2438.0 2438.0 2438.0 2438.0 2438.0 2438.0 2438.0 2438.0 2438.0 2438.0 2438.0 
1958.0 1083.0 1125.0 1979.0 2229.0 2333.0 2417.0 2417.0 2417.0 2417.0 2417.0 2438.0 2438.0 2438.0 2438.0 2438.0 2438.0 2438.0 2438.0 2438.0 2438.0 2438.0 2438.0 2438.0 2438.0 2438.0 2438.0 2438.0 2438.0 2438.0 2438.0 2458.0 2458.0 2458.0 2458.0 
1958.0 1083.0 1146.0 1979.0 2250.0 2354.0 2417.0 2438.0 2438.0 2438.0 2438.0 2438.0 2438.0 2438.0 2438.0 2438.0 2438.0 2438.0 2438.0 2438.0 2438.0 2438.0 2438.0 2438.0 2458.0 2458.0 2458.0 2458.0 2458.0 2458.0 2458.0 2458.0 2458.0 2458.0 2458.0 
1958.0 1083.0 1146.0 1979.0 2250.0 2354.0 2438.0 2438.0 2438.0 2438.0 2438.0 2438.0 2438.0 2438.0 2438.0 2438.0 2438.0 2438.0 2438.0 2458.0 2458.0 2458.0 2458.0 2458.0 2458.0 2458.0 2458.0 2458.0 2458.0 2458.0 2458.0 2458.0 2458.0 2458.0 2458.0 
1958.0 1083.0 1146.0 1979.0 2250.0 2354.0 2438.0 2438.0 2438.0 2438.0 2438.0 2438.0 2438.0 2438.0 2438.0 2458.0 2458.0 2458.0 2458.0 2458.0 2458.0 2458.0 2458.0 2458.0 2458.0 2458.0 2458.0 2458.0 2458.0 2458.0 2458.0 2458.0 2458.0 2458.0 2458.0 
1958.0 1083.0 1083.0 2000.0 2250.0 2354.0 2438.0 2438.0 2438.0 2438.0 2438.0 2438.0 2458.0 2458.0 2458.0 2458.0 2458.0 2458.0 2458.0 2458.0 2458.0 2458.0 2458.0 2458.0 2458.0 2458.0 2458.0 2458.0 2458.0 2458.0 2458.0 2458.0 2458.0 2458.0 2458.0 
1979.0 1104.0 1146.0 1938.0 2271.0 2375.0 2438.0 2438.0 2458.0 2458.0 2458.0 2458.0 2458.0 2458.0 2458.0 2458.0 2458.0 2458.0 2458.0 2458.0 2458.0 2458.0 2458.0 2458.0 2458.0 2458.0 2458.0 2458.0 2479.0 2479.0 2479.0 2479.0 2479.0 2479.0 2479.0 
1979.0 1104.0 1167.0 1938.0 2271.0 2375.0 2458.0 2458.0 2458.0 2458.0 2458.0 2458.0 2458.0 2458.0 2458.0 2458.0 2458.0 2458.0 2458.0 2458.0 2458.0 2458.0 2458.0 2479.0 2479.0 2479.0 2479.0 2479.0 2479.0 2479.0 2479.0 2479.0 2479.0 2479.0 2479.0 
1979.0 1104.0 1104.0 1938.0 2271.0 2375.0 2458.0 2458.0 2458.0 2458.0 2458.0 2458.0 2458.0 2458.0 2458.0 2458.0 2458.0 2458.0 2458.0 2479.0 2479.0 2479.0 2479.0 2479.0 2479.0 2479.0 2479.0 2479.0 2479.0 2479.0 2479.0 2479.0 2479.0 2479.0 2479.0 
1979.0 1104.0 1104.0 1958.0 2271.0 2375.0 2458.0 2458.0 2458.0 2458.0 2458.0 2458.0 2458.0 2458.0 2458.0 2458.0 2479.0 2479.0 2479.0 2479.0 2479.0 2479.0 2479.0 2479.0 2479.0 2479.0 2479.0 2479.0 2479.0 2479.0 2479.0 2479.0 2479.0 2479.0 2479.0 
1979.0 1104.0 1104.0 1958.0 2292.0 2375.0 2458.0 2458.0 2458.0 2458.0 2458.0 2458.0 2458.0 2479.0 2479.0 2479.0 2479.0 2479.0 2479.0 2479.0 2479.0 2479.0 2479.0 2479.0 2479.0 2479.0 2479.0 2479.0 2479.0 2479.0 2479.0 2479.0 2479.0 2479.0 2479.0 
1979.0 1104.0 1104.0 1958.0 2292.0 2396.0 2458.0 2458.0 2458.0 2458.0 2479.0 2479.0 2479.0 2479.0 2479.0 2479.0 2479.0 2479.0 2479.0 2479.0 2479.0 2479.0 2479.0 2479.0 2479.0 2479.0 2479.0 2479.0 2479.0 2479.0 2479.0 2479.0 2479.0 2479.0 2479.0 
1979.0 1104.0 1104.0 1958.0 2292.0 2396.0 2458.0 2458.0 2479.0 2479.0 2479.0 2479.0 2479.0 2479.0 2479.0 2479.0 2479.0 2479.0 2479.0 2479.0 2479.0 2479.0 2479.0 2479.0 2479.0 2479.0 2479.0 2479.0 2479.0 2479.0 2500.0 2500.0 2500.0 2500.0 2500.0 
2000.0 1125.0 1104.0 1896.0 2292.0 2396.0 2479.0 2479.0 2479.0 2479.0 2479.0 2479.0 2479.0 2479.0 2479.0 2479.0 2479.0 2479.0 2479.0 2479.0 2479.0 2479.0 2479.0 2479.0 2479.0 2479.0 2479.0 2500.0 2500.0 2500.0 2500.0 2500.0 2500.0 2500.0 2500.0 
2000.0 1125.0 1104.0 1896.0 2292.0 2396.0 2479.0 2479.0 2479.0 2479.0 2479.0 2479.0 2479.0 2479.0 2479.0 2479.0 2479.0 2479.0 2479.0 2479.0 2479.0 2479.0 2479.0 2479.0 2479.0 2500.0 2500.0 2500.0 2500.0 2500.0 2500.0 2500.0 2500.0 2500.0 2500.0 
2000.0 1125.0 1104.0 1896.0 2292.0 2396.0 2479.0 2479.0 2479.0 2479.0 2479.0 2479.0 2479.0 2479.0 2479.0 2479.0 2479.0 2479.0 2479.0 2479.0 2479.0 2479.0 2479.0 2500.0 2500.0 2500.0 2500.0 2500.0 2500.0 2500.0 2500.0 2500.0 2500.0 2500.0 2500.0 
2000.0 1125.0 1125.0 1917.0 2292.0 2396.0 2479.0 2479.0 2479.0 2479.0 2479.0 2479.0 2479.0 2479.0 2479.0 2479.0 2479.0 2479.0 2479.0 2479.0 2479.0 2500.0 2500.0 2500.0 2500.0 2500.0 2500.0 2500.0 2500.0 2500.0 2500.0 2500.0 2500.0 2500.0 2500.0 
2438.0 1562.0 1312.0 1917.0 2312.0 2396.0 2479.0 2479.0 2479.0 2479.0 2479.0 2479.0 2479.0 2479.0 2479.0 2479.0 2479.0 2479.0 2479.0 2500.0 2500.0 2500.0 2500.0 2500.0 2500.0 2500.0 2500.0 2500.0 2500.0 2500.0 2500.0 2500.0 2500.0 2500.0 2500.0 
2438.0 1562.0 1312.0 1917.0 2312.0 2396.0 2479.0 2479.0 2479.0 2479.0 2479.0 2479.0 2479.0 2479.0 2479.0 2479.0 2479.0 2479.0 2479.0 2479.0 2500.0 2500.0 2500.0 2500.0 2500.0 2500.0 2500.0 2500.0 2500.0 2500.0 2500.0 2500.0 2500.0 2500.0 2500.0 
2438.0 1562.0 1312.0 1917.0 2312.0 2396.0 2479.0 2479.0 2479.0 2479.0 2479.0 2479.0 2479.0 2479.0 2479.0 2479.0 2479.0 2479.0 2479.0 2479.0 2500.0 2500.0 2500.0 2500.0 2500.0 2500.0 2500.0 2500.0 2500.0 2500.0 2500.0 2500.0 2500.0 2500.0 2500.0 
2438.0 1562.0 1312.0 1917.0 2312.0 2396.0 2479.0 2479.0 2479.0 2479.0 2479.0 2479.0 2479.0 2479.0 2479.0 2479.0 2479.0 2479.0 2479.0 2479.0 2479.0 2500.0 2500.0 2500.0 2500.0 2500.0 2500.0 2500.0 2500.0 2500.0 2500.0 2500.0 2500.0 2500.0 2500.0 
2000.0 1125.0 1062.0 1917.0 2312.0 2396.0 2479.0 2479.0 2479.0 2479.0 2479.0 2479.0 2479.0 2479.0 2479.0 2479.0 2479.0 2479.0 2479.0 2479.0 2479.0 2500.0 2500.0 2500.0 2500.0 2500.0 2500.0 2500.0 2500.0 2500.0 2500.0 2500.0 2500.0 2500.0 2500.0 
2000.0 1125.0 1062.0 1917.0 2312.0 2396.0 2479.0 2479.0 2479.0 2479.0 2479.0 2479.0 2479.0 2479.0 2479.0 2479.0 2479.0 2479.0 2479.0 2479.0 2479.0 2479.0 2479.0 2500.0 2500.0 2500.0 2500.0 2500.0 2500.0 2500.0 2500.0 2500.0 2500.0 2500.0 2500.0 
2000.0 1125.0 1062.0 1917.0 2312.0 2396.0 2479.0 2479.0 2479.0 2479.0 2479.0 2479.0 2479.0 2479.0 2479.0 2479.0 2479.0 2479.0 2479.0 2479.0 2479.0 2479.0 2479.0 2479.0 2479.0 2479.0 2479.0 2479.0 2479.0 2500.0 2500.0 2500.0 2500.0 2500.0 2500.0 
2000.0 1125.0 1042.0 1896.0 2312.0 2396.0 2479.0 2479.0 2479.0 2479.0 2479.0 2479.0 2479.0 2479.0 2479.0 2479.0 2479.0 2479.0 2479.0 2479.0 2479.0 2479.0 2479.0 2479.0 2479.0 2479.0 2479.0 2479.0 2479.0 2479.0 2479.0 2479.0 2479.0 2479.0 
2000.0 1125.0 1042.0 1896.0 2292.0 2396.0 2479.0 2479.0 2479.0 2479.0 2479.0 2479.0 2479.0 2479.0 2479.0 2479.0 2479.0 2479.0 2479.0 2479.0 2479.0 2479.0 2479.0 2479.0 2479.0 2479.0 2479.0 2479.0 2479.0 2479.0 2479.0 2479.0 2479.0 2479.0 
1979.0 1104.0 1042.0 1896.0 2292.0 2396.0 2458.0 2458.0 2458.0 2479.0 2479.0 2479.0 2479.0 2479.0 2479.0 2479.0 2479.0 2479.0 2479.0 2479.0 2479.0 2479.0 2479.0 2479.0 2479.0 2479.0 2479.0 2479.0 2479.0 2479.0 2479.0 2479.0 2479.0 2479.0 
1979.0 1104.0 1042.0 1896.0 2292.0 2396.0 2458.0 2458.0 2458.0 2458.0 2458.0 2458.0 2458.0 2458.0 2479.0 2479.0 2479.0 2479.0 2479.0 2479.0 2479.0 2479.0 2479.0 2479.0 2479.0 2479.0 2479.0 2479.0 2479.0 2479.0 2479.0 2479.0 2479.0 2479.0 
1979.0 1104.0 1104.0 1896.0 2292.0 2396.0 2458.0 2458.0 2458.0 2458.0 2458.0 2458.0 2458.0 2458.0 2458.0 2458.0 2458.0 2458.0 2458.0 2458.0 2458.0 2458.0 2458.0 2479.0 2479.0 2479.0 2479.0 2479.0 2479.0 2479.0 2479.0 2479.0 2479.0 2479.0 
1979.0 1104.0 1104.0 1896.0 2292.0 2396.0 2458.0 2458.0 2458.0 2458.0 2458.0 2458.0 2458.0 2458.0 2458.0 2458.0 2458.0 2458.0 2458.0 2458.0 2458.0 2458.0 2458.0 2458.0 2458.0 2458.0 2458.0 2458.0 2458.0 2458.0 2458.0 2458.0 2458.0 2458.0 
1979.0 1104.0 1104.0 1896.0 2292.0 2375.0 2458.0 2458.0 2458.0 2458.0 2458.0 2458.0 2458.0 2458.0 2458.0 2458.0 2458.0 2458.0 2458.0 2458.0 2458.0 2458.0 2458.0 2458.0 2458.0 2458.0 2458.0 2458.0 2458.0 2458.0 2458.0 2458.0 2458.0 2458.0 
1979.0 1104.0 1104.0 1875.0 2271.0 2375.0 2438.0 2438.0 2438.0 2438.0 2438.0 2438.0 2438.0 2458.0 2458.0 2458.0 2458.0 2458.0 2458.0 2458.0 2458.0 2458.0 2458.0 2458.0 2458.0 2458.0 2458.0 2458.0 2458.0 2458.0 2458.0 2458.0 2458.0 2458.0 
1979.0 1104.0 1083.0 1875.0 2271.0 2375.0 2438.0 2438.0 2438.0 2438.0 2438.0 2438.0 2438.0 2438.0 2438.0 2438.0 2438.0 2438.0 2438.0 2438.0 2438.0 2438.0 2438.0 2438.0 2438.0 2438.0 2438.0 2438.0 2438.0 2438.0 2458.0 2458.0 2458.0 
1958.0 1083.0 1146.0 1875.0 2271.0 2354.0 2438.0 2438.0 2438.0 2438.0 2438.0 2438.0 2438.0 2438.0 2438.0 2438.0 2438.0 2438.0 2438.0 2438.0 2438.0 2438.0 2438.0 2438.0 2438.0 2438.0 2438.0 2438.0 2438.0 2438.0 2438.0 2438.0 2438.0 
1958.0 1083.0 1083.0 1938.0 2250.0 2354.0 2417.0 2417.0 2417.0 2417.0 2417.0 2417.0 2417.0 2417.0 2417.0 2417.0 2417.0 2438.0 2438.0 2438.0 2438.0 2438.0 2438.0 2438.0 2438.0 2438.0 2438.0 2438.0 2438.0 2438.0 2438.0 2438.0 2438.0 
1958.0 1083.0 1146.0 1917.0 2250.0 2354.0 2417.0 2417.0 2417.0 2417.0 2417.0 2417.0 2417.0 2417.0 2417.0 2417.0 2417.0 2417.0 2417.0 2417.0 2417.0 2417.0 2417.0 2417.0 2417.0 2417.0 2417.0 2417.0 2417.0 2417.0 2417.0 2417.0 2417.0 
1958.0 1146.0 1125.0 1917.0 2250.0 2333.0 2417.0 2417.0 2417.0 2417.0 2417.0 2417.0 2417.0 2417.0 2417.0 2417.0 2417.0 2417.0 2417.0 2417.0 2417.0 2417.0 2417.0 2417.0 2417.0 2417.0 2417.0 2417.0 2417.0 2417.0 2417.0 2417.0 2417.0 
1958.0 1146.0 1125.0 1896.0 2229.0 2333.0 2396.0 2396.0 2396.0 2396.0 2396.0 2396.0 2396.0 2396.0 2396.0 2396.0 2396.0 2396.0 2396.0 2396.0 2396.0 2396.0 2396.0 2396.0 2396.0 2396.0 2396.0 2396.0 2396.0 2396.0 2396.0 2396.0 2396.0 
1938.0 1125.0 1125.0 1896.0 2229.0 2312.0 2396.0 2396.0 2396.0 2396.0 2396.0 2396.0 2396.0 2396.0 2396.0 2396.0 2396.0 2396.0 2396.0 2396.0 2396.0 2396.0 2396.0 2396.0 2396.0 2396.0 2396.0 2396.0 2396.0 2396.0 2396.0 2396.0 
1938.0 1125.0 1104.0 1896.0 2208.0 2312.0 2375.0 2375.0 2375.0 2375.0 2375.0 2375.0 2375.0 2375.0 2375.0 2375.0 2375.0 2375.0 2375.0 2375.0 2375.0 2375.0 2375.0 2375.0 2375.0 2375.0 2375.0 2375.0 2375.0 2375.0 2375.0 2375.0 
1938.0 1125.0 1167.0 1875.0 2208.0 2292.0 2375.0 2375.0 2375.0 2375.0 2375.0 2375.0 2375.0 2375.0 2375.0 2375.0 2375.0 2375.0 2375.0 2375.0 2375.0 2375.0 2375.0 2375.0 2375.0 2375.0 2375.0 2375.0 2375.0 2375.0 2375.0 2375.0 
1917.0 1104.0 1229.0 1812.0 2208.0 2354.0 2354.0 2354.0 2354.0 2354.0 2354.0 2354.0 2354.0 2354.0 2354.0 2354.0 2354.0 2354.0 2354.0 2354.0 2354.0 2354.0 2354.0 2354.0 2354.0 2354.0 2354.0 2354.0 2354.0 2354.0 2354.0 2354.0 
1917.0 1104.0 1146.0 1854.0 2188.0 2333.0 2333.0 2333.0 2333.0 2333.0 2333.0 2333.0 2333.0 2333.0 2333.0 2354.0 2354.0 2354.0 2354.0 2354.0 2354.0 2354.0 2354.0 2354.0 2354.0 2354.0 2354.0 2354.0 2354.0 2354.0 2354.0 2354.0 
1917.0 1104.0 1208.0 1854.0 2167.0 2333.0 2333.0 2333.0 2333.0 2333.0 2333.0 2333.0 2333.0 2333.0 2333.0 2333.0 2333.0 2333.0 2333.0 2333.0 2333.0 2333.0 2333.0 2333.0 2333.0 2333.0 2333.0 2333.0 2333.0 2333.0 2333.0 
1896.0 1083.0 1188.0 1833.0 2167.0 2312.0 2312.0 2312.0 2312.0 2312.0 2312.0 2312.0 2312.0 2312.0 2312.0 2312.0 2312.0 2312.0 2312.0 2312.0 2312.0 2312.0 2312.0 2312.0 2312.0 2312.0 2312.0 2312.0 2312.0 2312.0 2312.0 
1896.0 1146.0 1250.0 1750.0 2146.0 2292.0 2292.0 2292.0 2292.0 2292.0 2292.0 2292.0 2312.0 2312.0 2312.0 2312.0 2312.0 2312.0 2312.0 2312.0 2312.0 2312.0 2312.0 2312.0 2312.0 2312.0 2312.0 2312.0 2312.0 2312.0 2312.0 
1875.0 1125.0 1229.0 1750.0 2146.0 2292.0 2292.0 2292.0 2292.0 2292.0 2292.0 2292.0 2292.0 2292.0 2292.0 2292.0 2292.0 2292.0 2292.0 2292.0 2292.0 2292.0 2292.0 2292.0 2292.0 2292.0 2292.0 2292.0 2292.0 2292.0 2292.0 
1875.0 1062.0 1292.0 1729.0 2125.0 2271.0 2271.0 2271.0 2271.0 2271.0 2271.0 2271.0 2271.0 2271.0 2271.0 2271.0 2271.0 2271.0 2271.0 2271.0 2271.0 2271.0 2271.0 2271.0 2271.0 2271.0 2271.0 2271.0 2271.0 2271.0 
1854.0 1104.0 1271.0 1708.0 2125.0 2250.0 2250.0 2250.0 2250.0 2250.0 2250.0 2250.0 2250.0 2250.0 2250.0 2250.0 2250.0 2250.0 2250.0 2250.0 2250.0 2250.0 2250.0 2250.0 2250.0 2250.0 2250.0 2250.0 2250.0 2250.0 
1854.0 1167.0 1250.0 1708.0 2104.0 2229.0 2229.0 2229.0 2229.0 2229.0 2229.0 2229.0 2229.0 2229.0 2229.0 2229.0 2229.0 2229.0 2229.0 2229.0 2229.0 2229.0 2229.0 2229.0 2229.0 2229.0 2229.0 2229.0 2229.0 2229.0 
1833.0 1083.0 1250.0 1688.0 2083.0 2208.0 2208.0 2208.0 2208.0 2208.0 2208.0 2208.0 2208.0 2208.0 2208.0 2208.0 2208.0 2208.0 2208.0 2208.0 2208.0 2208.0 2208.0 2208.0 2208.0 2208.0 2208.0 2208.0 2208.0 
1812.0 1125.0 1167.0 1729.0 2062.0 2188.0 2188.0 2188.0 2188.0 2188.0 2188.0 2188.0 2188.0 2188.0 2188.0 2188.0 2188.0 2188.0 2188.0 2188.0 2188.0 2188.0 2188.0 2188.0 2188.0 2188.0 2188.0 2188.0 2188.0 
1792.0 1104.0 1146.0 1708.0 2042.0 2167.0 2167.0 2167.0 2167.0 2167.0 2167.0 2167.0 2167.0 2167.0 2167.0 2167.0 2167.0 2167.0 2167.0 2167.0 2167.0 2167.0 2167.0 2167.0 2167.0 2167.0 2167.0 2167.0 2167.0 
1771.0 1083.0 1125.0 1688.0 2083.0 2146.0 2146.0 2146.0 2146.0 2146.0 2146.0 2146.0 2146.0 2146.0 2146.0 2146.0 2146.0 2146.0 2146.0 2146.0 2146.0 2146.0 2146.0 2146.0 2146.0 2146.0 2146.0 2146.0 
2125.0 1438.0 1250.0 1688.0 2062.0 2125.0 2125.0 2125.0 2125.0 2125.0 2125.0 2125.0 2125.0 2125.0 2125.0 2125.0 2125.0 2125.0 2125.0 2125.0 2125.0 2125.0 2125.0 2125.0 2125.0 2125.0 2125.0 2125.0 
2083.0 1396.0 1208.0 1729.0 2021.0 2104.0 2104.0 2104.0 2104.0 2104.0 2104.0 2104.0 2104.0 2104.0 2104.0 2104.0 2104.0 2104.0 2104.0 2104.0 2104.0 2104.0 2104.0 2104.0 2104.0 2104.0 2104.0 2104.0 
2062.0 1375.0 1188.0 1708.0 2000.0 2062.0 2062.0 2062.0 2062.0 2062.0 2062.0 2062.0 2062.0 2062.0 2062.0 2062.0 2062.0 2062.0 2062.0 2062.0 2062.0 2062.0 2062.0 2062.0 2062.0 2062.0 2062.0 
2042.0 1292.0 1104.0 1688.0 1979.0 2042.0 2042.0 2042.0 2042.0 2042.0 2042.0 2042.0 2042.0 2042.0 2042.0 2042.0 2042.0 2042.0 2042.0 2042.0 2042.0 2042.0 2042.0 2042.0 2042.0 2042.0 2042.0 
1667.0 917.0 896.0 1708.0 1938.0 2000.0 2000.0 2000.0 2000.0 2000.0 2000.0 2000.0 2000.0 2000.0 2000.0 2000.0 2000.0 2000.0 2000.0 2000.0 2000.0 2000.0 2000.0 2000.0 2000.0 2000.0 
1625.0 875.0 792.0 1750.0 1896.0 1979.0 1979.0 1979.0 1979.0 1979.0 1979.0 1979.0 1979.0 1979.0 1979.0 1979.0 1979.0 1979.0 1979.0 1979.0 1979.0 1979.0 1979.0 1979.0 1979.0 1979.0 
1604.0 854.0 771.0 1729.0 1938.0 1938.0 1938.0 1938.0 1938.0 1938.0 1938.0 1938.0 1938.0 1938.0 1938.0 1938.0 1938.0 1938.0 1938.0 1938.0 1938.0 1938.0 1938.0 1938.0 1938.0 
1562.0 750.0 729.0 1688.0 1896.0 1896.0 1896.0 1896.0 1896.0 1896.0 1896.0 1896.0 1896.0 1896.0 1896.0 1896.0 1896.0 1896.0 1896.0 1896.0 1896.0 1896.0 1896.0 1896.0 1896.0 
1542.0 729.0 708.0 1708.0 1854.0 1854.0 1854.0 1854.0 1854.0 1854.0 1854.0 1854.0 1854.0 1854.0 1854.0 1854.0 1854.0 1854.0 1854.0 1854.0 1854.0 1854.0 1854.0 1854.0 
1500.0 600 729.0 1667.0 1812.0 1812.0 1812.0 1812.0 1812.0 1812.0 1812.0 1812.0 1812.0 1812.0 1812.0 1812.0 1812.0 1812.0 1812.0 1812.0 1812.0 1812.0 1812.0 
1458.0 600 708.0 1625.0 1771.0 1771.0 1771.0 1771.0 1771.0 1771.0 1771.0 1771.0 1771.0 1771.0 1771.0 1771.0 1771.0 1771.0 1771.0 1771.0 1771.0 1771.0 1771.0 
1417.0 600 729.0 1583.0 1708.0 1708.0 1708.0 1708.0 1708.0 1708.0 1708.0 1708.0 1708.0 1708.0 1708.0 1708.0 1708.0 1708.0 1708.0 1708.0 1708.0 1708.0 
1375.0 600 688.0 1583.0 1667.0 1667.0 1667.0 1667.0 1667.0 1667.0 1667.0 1667.0 1667.0 1667.0 1667.0 1667.0 1667.0 1667.0 1667.0 1667.0 1667.0 
1396.0 600 1062.0 1604.0 1604.0 1604.0 1604.0 1604.0 1604.0 1604.0 1604.0 1604.0 1604.0 1604.0 1604.0 1604.0 1604.0 1604.0 1604.0 1604.0 
1354.0 600 958.0 1542.0 1542.0 1542.0 1542.0 1542.0 1542.0 1542.0 1542.0 1542.0 1542.0 1542.0 1542.0 1542.0 1542.0 1542.0 1542.0 
1312.0 600 896.0 1500.0 1500.0 1500.0 1500.0 1500.0 1500.0 1500.0 1500.0 1500.0 1500.0 1500.0 1500.0 1500.0 1500.0 1500.0 
1271.0 600 896.0 1438.0 1438.0 1438.0 1438.0 1438.0 1438.0 1438.0 1438.0 1438.0 1438.0 1438.0 1438.0 1438.0 1438.0 
1208.0 600 854.0 1375.0 1375.0 1375.0 1375.0 1375.0 1375.0 1375.0 1375.0 1375.0 1375.0 1375.0 1375.0 1375.0 
1167.0 600 792.0 1333.0 1333.0 1333.0 1333.0 1333.0 1333.0 1333.0 1333.0 1333.0 1333.0 1333.0 
1125.0 600 750.0 1271.0 1271.0 1271.0 1271.0 1271.0 1271.0 1271.0 1271.0 1271.0 1271.0 
1083.0 600 625.0 1229.0 1229.0 1229.0 1229.0 1229.0 1229.0 1229.0 1229.0 
1042.0 600 600 1188.0 1188.0 1188.0 1188.0 1188.0 1188.0 1188.0 
1000.0 600 600 1146.0 1146.0 1146.0 1146.0 1146.0 
917.0 600 600 1104.0 1104.0 1104.0 1104.0 
896.0 600 958.0 
