103.0 103.0 
102.0 102.0 102.0 102.0 102.0 
101.0 101.0 101.0 101.0 101.0 101.0 101.0 
100.0 100.0 100.0 100.0 100.0 100.0 100.0 100.0 100.0 
99.0 99.0 99.0 99.0 99.0 99.0 99.0 99.0 99.0 99.0 99.0 
99.0 98.0 97.0 97.0 97.0 97.0 97.0 97.0 97.0 97.0 97.0 97.0 97.0 
103.0 99.0 96.0 96.0 96.0 96.0 96.0 96.0 96.0 96.0 96.0 96.0 96.0 96.0 96.0 
103.0 99.0 94.0 94.0 94.0 94.0 94.0 94.0 94.0 94.0 94.0 94.0 94.0 94.0 94.0 94.0 94.0 
104.0 98.0 93.0 93.0 93.0 93.0 93.0 93.0 93.0 93.0 93.0 92.0 92.0 92.0 92.0 92.0 92.0 92.0 
102.0 96.0 91.0 91.0 91.0 91.0 91.0 91.0 91.0 91.0 91.0 91.0 91.0 91.0 91.0 91.0 91.0 91.0 91.0 
101.0 95.0 89.0 89.0 89.0 89.0 89.0 89.0 89.0 89.0 89.0 89.0 89.0 89.0 89.0 89.0 89.0 89.0 89.0 89.0 89.0 
99.0 93.0 88.0 87.0 88.0 88.0 88.0 88.0 88.0 88.0 87.0 87.0 87.0 87.0 87.0 87.0 87.0 87.0 87.0 87.0 87.0 87.0 
103.0 98.0 87.0 86.0 86.0 86.0 86.0 86.0 86.0 86.0 86.0 86.0 86.0 86.0 86.0 86.0 86.0 86.0 86.0 86.0 85.0 85.0 85.0 
102.0 96.0 86.0 84.0 84.0 84.0 84.0 84.0 84.0 84.0 84.0 84.0 84.0 84.0 84.0 84.0 84.0 84.0 84.0 84.0 84.0 84.0 84.0 84.0 
101.0 95.0 84.0 83.0 83.0 83.0 83.0 83.0 83.0 83.0 83.0 83.0 83.0 83.0 83.0 83.0 82.0 82.0 82.0 82.0 82.0 82.0 82.0 82.0 82.0 
100.0 94.0 82.0 81.0 81.0 81.0 81.0 81.0 81.0 81.0 81.0 81.0 81.0 81.0 81.0 81.0 81.0 81.0 81.0 81.0 81.0 80.0 80.0 80.0 80.0 80.0 
98.0 92.0 81.0 79.0 79.0 79.0 79.0 79.0 79.0 79.0 79.0 79.0 79.0 79.0 79.0 79.0 79.0 79.0 79.0 79.0 79.0 79.0 79.0 79.0 79.0 78.0 78.0 
97.0 91.0 79.0 78.0 78.0 78.0 78.0 78.0 78.0 78.0 78.0 78.0 78.0 78.0 78.0 78.0 78.0 78.0 77.0 77.0 77.0 77.0 77.0 77.0 77.0 77.0 77.0 77.0 
96.0 90.0 78.0 76.0 76.0 76.0 76.0 76.0 76.0 76.0 76.0 76.0 76.0 76.0 76.0 76.0 76.0 76.0 76.0 76.0 76.0 76.0 76.0 75.0 75.0 75.0 75.0 75.0 
94.0 88.0 76.0 74.0 74.0 74.0 75.0 75.0 75.0 75.0 75.0 75.0 75.0 75.0 75.0 75.0 75.0 74.0 74.0 74.0 74.0 74.0 74.0 74.0 74.0 74.0 74.0 73.0 73.0 
93.0 87.0 75.0 73.0 73.0 73.0 73.0 73.0 73.0 73.0 73.0 73.0 73.0 73.0 73.0 73.0 73.0 73.0 73.0 73.0 73.0 73.0 73.0 72.0 72.0 72.0 72.0 72.0 72.0 72.0 
92.0 86.0 73.0 71.0 71.0 71.0 72.0 72.0 72.0 72.0 72.0 72.0 72.0 72.0 72.0 72.0 72.0 71.0 71.0 71.0 71.0 71.0 71.0 71.0 71.0 71.0 71.0 70.0 70.0 70.0 
70.0 70.0 70.0 70.0 70.0 70.0 70.0 70.0 70.0 70.0 70.0 70.0 70.0 70.0 70.0 70.0 70.0 70.0 70.0 70.0 70.0 70.0 70.0 70.0 69.0 69.0 69.0 69.0 69.0 69.0 69.0 
69.0 69.0 69.0 68.0 69.0 69.0 69.0 69.0 69.0 69.0 69.0 69.0 69.0 69.0 69.0 69.0 69.0 69.0 69.0 69.0 68.0 68.0 68.0 68.0 68.0 68.0 68.0 68.0 67.0 67.0 67.0 
67.0 67.0 67.0 67.0 67.0 67.0 67.0 67.0 67.0 67.0 67.0 67.0 67.0 67.0 67.0 67.0 67.0 67.0 67.0 67.0 67.0 67.0 67.0 67.0 67.0 66.0 66.0 66.0 66.0 66.0 66.0 66.0 
66.0 66.0 66.0 66.0 66.0 66.0 66.0 66.0 66.0 66.0 66.0 66.0 66.0 66.0 66.0 66.0 66.0 66.0 66.0 66.0 66.0 66.0 66.0 65.0 65.0 65.0 65.0 65.0 65.0 65.0 64.0 64.0 
85.0 79.0 67.0 64.0 64.0 64.0 65.0 65.0 65.0 65.0 65.0 65.0 65.0 65.0 65.0 65.0 65.0 65.0 65.0 64.0 64.0 64.0 64.0 64.0 64.0 64.0 64.0 64.0 63.0 63.0 63.0 63.0 63.0 
84.0 78.0 66.0 63.0 63.0 63.0 63.0 63.0 63.0 63.0 63.0 63.0 63.0 63.0 63.0 63.0 63.0 63.0 63.0 63.0 63.0 63.0 63.0 63.0 63.0 63.0 62.0 62.0 62.0 62.0 62.0 62.0 62.0 
83.0 77.0 65.0 62.0 62.0 62.0 62.0 62.0 62.0 62.0 62.0 62.0 62.0 62.0 62.0 62.0 62.0 62.0 62.0 62.0 62.0 62.0 62.0 62.0 61.0 61.0 61.0 61.0 61.0 61.0 60.0 60.0 60.0 60.0 
81.0 76.0 64.0 60.0 60.0 61.0 61.0 61.0 61.0 61.0 61.0 61.0 61.0 61.0 61.0 61.0 61.0 61.0 61.0 61.0 61.0 60.0 60.0 60.0 60.0 60.0 60.0 60.0 60.0 59.0 59.0 59.0 59.0 59.0 
80.0 74.0 63.0 59.0 59.0 59.0 59.0 59.0 59.0 59.0 60.0 60.0 60.0 60.0 60.0 60.0 60.0 60.0 59.0 59.0 59.0 59.0 59.0 59.0 59.0 59.0 59.0 58.0 58.0 58.0 58.0 58.0 58.0 58.0 
79.0 73.0 62.0 58.0 58.0 58.0 58.0 58.0 58.0 58.0 58.0 58.0 58.0 58.0 58.0 58.0 58.0 58.0 58.0 58.0 58.0 58.0 58.0 58.0 58.0 58.0 57.0 57.0 57.0 57.0 57.0 57.0 56.0 56.0 56.0 
78.0 72.0 61.0 57.0 57.0 57.0 57.0 57.0 57.0 57.0 57.0 57.0 57.0 57.0 57.0 57.0 57.0 57.0 57.0 57.0 57.0 57.0 57.0 57.0 56.0 56.0 56.0 56.0 56.0 56.0 56.0 55.0 55.0 55.0 55.0 
77.0 71.0 60.0 56.0 56.0 56.0 56.0 56.0 56.0 56.0 56.0 56.0 56.0 56.0 56.0 56.0 56.0 56.0 56.0 56.0 56.0 56.0 55.0 55.0 55.0 55.0 55.0 55.0 55.0 55.0 54.0 54.0 54.0 54.0 54.0 54.0 
76.0 70.0 60.0 54.0 54.0 54.0 54.0 55.0 55.0 55.0 55.0 55.0 55.0 55.0 55.0 55.0 55.0 55.0 55.0 55.0 54.0 54.0 54.0 54.0 54.0 54.0 54.0 54.0 54.0 53.0 53.0 53.0 53.0 53.0 53.0 53.0 
75.0 69.0 59.0 53.0 53.0 53.0 53.0 53.0 53.0 53.0 53.0 53.0 54.0 54.0 54.0 54.0 53.0 53.0 53.0 53.0 53.0 53.0 53.0 53.0 53.0 53.0 53.0 53.0 52.0 52.0 52.0 52.0 52.0 52.0 51.0 51.0 
74.0 68.0 58.0 52.0 52.0 52.0 52.0 52.0 52.0 52.0 52.0 52.0 52.0 52.0 52.0 52.0 52.0 52.0 52.0 52.0 52.0 52.0 52.0 52.0 52.0 52.0 51.0 51.0 51.0 51.0 51.0 51.0 51.0 50.0 50.0 50.0 50.0 
73.0 67.0 57.0 51.0 51.0 51.0 51.0 51.0 51.0 51.0 51.0 51.0 51.0 51.0 51.0 51.0 51.0 51.0 51.0 51.0 51.0 51.0 51.0 51.0 51.0 50.0 50.0 50.0 50.0 50.0 50.0 50.0 49.0 49.0 49.0 49.0 49.0 
72.0 66.0 56.0 50.0 50.0 50.0 50.0 50.0 50.0 50.0 50.0 50.0 50.0 50.0 50.0 50.0 50.0 50.0 50.0 50.0 50.0 50.0 50.0 50.0 50.0 49.0 49.0 49.0 49.0 49.0 49.0 49.0 48.0 48.0 48.0 48.0 48.0 
71.0 66.0 56.0 49.0 49.0 49.0 49.0 49.0 49.0 49.0 49.0 49.0 49.0 49.0 49.0 49.0 49.0 49.0 49.0 49.0 49.0 49.0 49.0 48.0 48.0 48.0 48.0 48.0 48.0 48.0 48.0 47.0 47.0 47.0 47.0 47.0 47.0 
71.0 65.0 55.0 48.0 48.0 48.0 48.0 48.0 48.0 48.0 48.0 48.0 48.0 48.0 48.0 48.0 48.0 48.0 48.0 48.0 48.0 48.0 47.0 47.0 47.0 47.0 47.0 47.0 47.0 47.0 46.0 46.0 46.0 46.0 46.0 46.0 46.0 46.0 
70.0 64.0 54.0 47.0 46.0 47.0 47.0 47.0 47.0 47.0 47.0 47.0 47.0 47.0 47.0 47.0 47.0 47.0 47.0 47.0 47.0 46.0 46.0 46.0 46.0 46.0 46.0 46.0 46.0 46.0 45.0 45.0 45.0 45.0 45.0 45.0 44.0 44.0 
69.0 63.0 53.0 46.0 45.0 45.0 46.0 46.0 46.0 46.0 46.0 46.0 46.0 46.0 46.0 46.0 46.0 46.0 46.0 46.0 45.0 45.0 45.0 45.0 45.0 45.0 45.0 45.0 45.0 45.0 44.0 44.0 44.0 44.0 44.0 44.0 43.0 43.0 
68.0 62.0 53.0 45.0 44.0 44.0 44.0 44.0 45.0 45.0 45.0 45.0 45.0 45.0 45.0 45.0 45.0 45.0 44.0 44.0 44.0 44.0 44.0 44.0 44.0 44.0 44.0 44.0 44.0 43.0 43.0 43.0 43.0 43.0 43.0 43.0 42.0 42.0 
67.0 61.0 52.0 44.0 43.0 43.0 43.0 43.0 43.0 43.0 44.0 44.0 44.0 44.0 44.0 44.0 44.0 43.0 43.0 43.0 43.0 43.0 43.0 43.0 43.0 43.0 43.0 43.0 43.0 42.0 42.0 42.0 42.0 42.0 42.0 42.0 41.0 41.0 41.0 
66.0 61.0 51.0 43.0 42.0 42.0 42.0 42.0 42.0 42.0 42.0 42.0 42.0 42.0 42.0 42.0 42.0 42.0 42.0 42.0 42.0 42.0 42.0 42.0 42.0 42.0 42.0 42.0 42.0 41.0 41.0 41.0 41.0 41.0 41.0 41.0 40.0 40.0 40.0 
66.0 60.0 51.0 42.0 41.0 41.0 41.0 41.0 41.0 41.0 41.0 41.0 41.0 41.0 41.0 41.0 41.0 41.0 41.0 41.0 41.0 41.0 41.0 41.0 41.0 41.0 41.0 41.0 41.0 40.0 40.0 40.0 40.0 40.0 40.0 40.0 39.0 39.0 39.0 
65.0 59.0 50.0 41.0 40.0 40.0 40.0 40.0 40.0 40.0 40.0 40.0 40.0 40.0 40.0 40.0 40.0 40.0 40.0 40.0 40.0 40.0 40.0 40.0 40.0 40.0 40.0 40.0 40.0 39.0 39.0 39.0 39.0 39.0 39.0 39.0 38.0 38.0 38.0 
64.0 58.0 49.0 41.0 39.0 39.0 39.0 39.0 39.0 39.0 39.0 40.0 39.0 39.0 39.0 39.0 39.0 39.0 39.0 39.0 39.0 39.0 39.0 39.0 39.0 39.0 39.0 39.0 39.0 38.0 38.0 38.0 38.0 38.0 38.0 38.0 38.0 37.0 37.0 37.0 
63.0 57.0 48.0 40.0 38.0 38.0 38.0 38.0 38.0 39.0 39.0 39.0 39.0 38.0 38.0 38.0 38.0 38.0 38.0 38.0 38.0 38.0 38.0 38.0 38.0 38.0 38.0 38.0 38.0 37.0 37.0 37.0 37.0 37.0 37.0 37.0 37.0 36.0 36.0 36.0 
63.0 57.0 48.0 39.0 38.0 37.0 38.0 38.0 38.0 38.0 38.0 38.0 38.0 38.0 38.0 37.0 37.0 37.0 37.0 37.0 37.0 37.0 37.0 37.0 37.0 37.0 37.0 37.0 37.0 36.0 36.0 36.0 36.0 36.0 36.0 36.0 36.0 35.0 35.0 35.0 
62.0 56.0 47.0 38.0 37.0 37.0 37.0 37.0 37.0 37.0 37.0 37.0 37.0 37.0 37.0 37.0 37.0 36.0 36.0 36.0 36.0 36.0 36.0 36.0 36.0 36.0 36.0 36.0 36.0 36.0 35.0 35.0 35.0 35.0 35.0 35.0 35.0 35.0 34.0 34.0 
61.0 55.0 46.0 38.0 36.0 36.0 36.0 36.0 36.0 36.0 36.0 36.0 36.0 36.0 36.0 36.0 36.0 36.0 36.0 35.0 35.0 35.0 35.0 35.0 35.0 35.0 35.0 35.0 35.0 35.0 35.0 34.0 34.0 34.0 34.0 34.0 34.0 34.0 34.0 34.0 
60.0 55.0 46.0 37.0 35.0 35.0 35.0 35.0 35.0 35.0 35.0 35.0 35.0 35.0 35.0 35.0 35.0 35.0 35.0 35.0 35.0 34.0 34.0 34.0 34.0 34.0 34.0 34.0 34.0 34.0 34.0 34.0 33.0 33.0 33.0 33.0 33.0 33.0 33.0 33.0 33.0 
60.0 54.0 45.0 36.0 34.0 34.0 34.0 34.0 34.0 34.0 34.0 34.0 34.0 34.0 34.0 34.0 34.0 34.0 34.0 34.0 34.0 34.0 33.0 33.0 33.0 33.0 33.0 33.0 33.0 33.0 33.0 33.0 33.0 32.0 32.0 32.0 32.0 32.0 32.0 32.0 32.0 
59.0 53.0 44.0 35.0 33.0 33.0 33.0 33.0 33.0 33.0 33.0 33.0 33.0 33.0 33.0 33.0 33.0 33.0 33.0 33.0 33.0 33.0 33.0 32.0 32.0 32.0 32.0 32.0 32.0 32.0 32.0 32.0 32.0 32.0 31.0 31.0 31.0 31.0 31.0 31.0 31.0 
58.0 52.0 44.0 35.0 32.0 32.0 32.0 32.0 32.0 32.0 32.0 32.0 32.0 32.0 32.0 32.0 32.0 32.0 32.0 32.0 32.0 32.0 32.0 32.0 32.0 32.0 31.0 31.0 31.0 31.0 31.0 31.0 31.0 31.0 31.0 30.0 30.0 30.0 30.0 30.0 30.0 
58.0 52.0 43.0 34.0 32.0 31.0 31.0 31.0 31.0 31.0 31.0 31.0 31.0 31.0 31.0 31.0 31.0 31.0 31.0 31.0 31.0 31.0 31.0 31.0 31.0 31.0 31.0 30.0 30.0 30.0 30.0 30.0 30.0 30.0 30.0 30.0 30.0 29.0 29.0 29.0 29.0 
57.0 51.0 42.0 33.0 31.0 31.0 31.0 31.0 31.0 31.0 31.0 31.0 31.0 30.0 30.0 30.0 30.0 30.0 30.0 30.0 30.0 30.0 30.0 30.0 30.0 30.0 30.0 30.0 30.0 29.0 29.0 29.0 29.0 29.0 29.0 29.0 29.0 29.0 29.0 28.0 28.0 
56.0 50.0 42.0 33.0 30.0 30.0 30.0 30.0 30.0 30.0 30.0 30.0 30.0 30.0 30.0 30.0 30.0 30.0 29.0 29.0 29.0 29.0 29.0 29.0 29.0 29.0 29.0 29.0 29.0 29.0 29.0 28.0 28.0 28.0 28.0 28.0 28.0 28.0 28.0 28.0 28.0 
56.0 50.0 41.0 32.0 29.0 29.0 29.0 29.0 29.0 29.0 29.0 29.0 29.0 29.0 29.0 29.0 29.0 29.0 29.0 29.0 29.0 28.0 28.0 28.0 28.0 28.0 28.0 28.0 28.0 28.0 28.0 28.0 28.0 27.0 27.0 27.0 27.0 27.0 27.0 27.0 27.0 
55.0 49.0 40.0 32.0 28.0 28.0 28.0 28.0 28.0 28.0 28.0 28.0 28.0 28.0 28.0 28.0 28.0 28.0 28.0 28.0 28.0 28.0 28.0 28.0 27.0 27.0 27.0 27.0 27.0 27.0 27.0 27.0 27.0 27.0 27.0 27.0 26.0 26.0 26.0 26.0 26.0 26.0 
54.0 48.0 40.0 31.0 28.0 28.0 28.0 28.0 28.0 28.0 27.0 27.0 27.0 27.0 27.0 27.0 27.0 27.0 27.0 27.0 27.0 27.0 27.0 27.0 27.0 27.0 27.0 27.0 26.0 26.0 26.0 26.0 26.0 26.0 26.0 26.0 26.0 26.0 26.0 25.0 25.0 25.0 
54.0 48.0 39.0 30.0 27.0 27.0 27.0 27.0 27.0 27.0 27.0 27.0 27.0 27.0 27.0 27.0 26.0 26.0 26.0 26.0 26.0 26.0 26.0 26.0 26.0 26.0 26.0 26.0 26.0 26.0 26.0 25.0 25.0 25.0 25.0 25.0 25.0 25.0 25.0 25.0 25.0 25.0 
30.0 30.0 38.0 30.0 26.0 26.0 26.0 26.0 26.0 26.0 26.0 26.0 26.0 26.0 26.0 26.0 26.0 26.0 26.0 26.0 26.0 25.0 25.0 25.0 25.0 25.0 25.0 25.0 25.0 25.0 25.0 25.0 25.0 25.0 24.0 24.0 24.0 24.0 24.0 24.0 24.0 24.0 
29.0 29.0 38.0 29.0 26.0 26.0 26.0 25.0 25.0 25.0 25.0 25.0 25.0 25.0 25.0 25.0 25.0 25.0 25.0 25.0 25.0 25.0 25.0 25.0 25.0 24.0 24.0 24.0 24.0 24.0 24.0 24.0 24.0 24.0 24.0 24.0 24.0 23.0 23.0 23.0 23.0 23.0 
52.0 46.0 37.0 29.0 25.0 25.0 25.0 25.0 25.0 25.0 25.0 25.0 25.0 25.0 24.0 24.0 24.0 24.0 24.0 24.0 24.0 24.0 24.0 24.0 24.0 24.0 24.0 24.0 24.0 23.0 23.0 23.0 23.0 23.0 23.0 23.0 23.0 23.0 23.0 23.0 23.0 23.0 
51.0 45.0 37.0 28.0 25.0 24.0 24.0 24.0 24.0 24.0 24.0 24.0 24.0 24.0 24.0 24.0 24.0 24.0 24.0 24.0 23.0 23.0 23.0 23.0 23.0 23.0 23.0 23.0 23.0 23.0 23.0 23.0 23.0 23.0 22.0 22.0 22.0 22.0 22.0 22.0 22.0 22.0 
51.0 45.0 36.0 28.0 24.0 24.0 24.0 24.0 24.0 23.0 23.0 23.0 23.0 23.0 23.0 23.0 23.0 23.0 23.0 23.0 23.0 23.0 23.0 23.0 23.0 22.0 22.0 22.0 22.0 22.0 22.0 22.0 22.0 22.0 22.0 22.0 22.0 22.0 22.0 21.0 21.0 21.0 
50.0 44.0 35.0 27.0 23.0 23.0 23.0 23.0 23.0 23.0 23.0 23.0 23.0 23.0 23.0 22.0 22.0 22.0 22.0 22.0 22.0 22.0 22.0 22.0 22.0 22.0 22.0 22.0 22.0 22.0 21.0 21.0 21.0 21.0 21.0 21.0 21.0 21.0 21.0 21.0 21.0 21.0 
50.0 44.0 35.0 27.0 23.0 22.0 22.0 22.0 22.0 22.0 22.0 22.0 22.0 22.0 22.0 22.0 22.0 22.0 22.0 22.0 22.0 21.0 21.0 21.0 21.0 21.0 21.0 21.0 21.0 21.0 21.0 21.0 21.0 21.0 21.0 20.0 20.0 20.0 20.0 20.0 20.0 20.0 
49.0 43.0 34.0 26.0 22.0 22.0 22.0 22.0 22.0 22.0 22.0 22.0 21.0 21.0 21.0 21.0 21.0 21.0 21.0 21.0 21.0 21.0 21.0 21.0 21.0 21.0 20.0 20.0 20.0 20.0 20.0 20.0 20.0 20.0 20.0 20.0 20.0 20.0 20.0 20.0 20.0 20.0 
49.0 43.0 34.0 26.0 22.0 21.0 21.0 21.0 21.0 21.0 21.0 21.0 21.0 21.0 21.0 21.0 21.0 21.0 20.0 20.0 20.0 20.0 20.0 20.0 20.0 20.0 20.0 20.0 20.0 20.0 20.0 20.0 20.0 19.0 19.0 19.0 19.0 19.0 19.0 19.0 19.0 19.0 
48.0 42.0 33.0 25.0 21.0 21.0 21.0 21.0 21.0 21.0 21.0 20.0 20.0 20.0 20.0 20.0 20.0 20.0 20.0 20.0 20.0 20.0 20.0 20.0 20.0 19.0 19.0 19.0 19.0 19.0 19.0 19.0 19.0 19.0 19.0 19.0 19.0 19.0 19.0 19.0 18.0 18.0 
48.0 42.0 33.0 25.0 21.0 20.0 20.0 20.0 20.0 20.0 20.0 20.0 20.0 20.0 20.0 20.0 20.0 19.0 19.0 19.0 19.0 19.0 19.0 19.0 19.0 19.0 19.0 19.0 19.0 19.0 19.0 18.0 18.0 18.0 18.0 18.0 18.0 18.0 18.0 18.0 18.0 18.0 
47.0 41.0 32.0 24.0 20.0 20.0 20.0 20.0 20.0 20.0 19.0 19.0 19.0 19.0 19.0 19.0 19.0 19.0 19.0 19.0 19.0 19.0 19.0 18.0 18.0 18.0 18.0 18.0 18.0 18.0 18.0 18.0 18.0 18.0 18.0 18.0 18.0 18.0 18.0 17.0 17.0 17.0 
46.0 41.0 32.0 24.0 20.0 19.0 19.0 19.0 19.0 19.0 19.0 19.0 19.0 19.0 19.0 19.0 18.0 18.0 18.0 18.0 18.0 18.0 18.0 18.0 18.0 18.0 18.0 18.0 18.0 18.0 17.0 17.0 17.0 17.0 17.0 17.0 17.0 17.0 17.0 17.0 17.0 17.0 
46.0 40.0 31.0 23.0 19.0 19.0 19.0 19.0 19.0 19.0 18.0 18.0 18.0 18.0 18.0 18.0 18.0 18.0 18.0 18.0 18.0 18.0 18.0 17.0 17.0 17.0 17.0 17.0 17.0 17.0 17.0 17.0 17.0 17.0 17.0 17.0 17.0 17.0 17.0 17.0 16.0 16.0 
46.0 40.0 31.0 23.0 19.0 18.0 18.0 18.0 18.0 18.0 18.0 18.0 18.0 18.0 18.0 18.0 18.0 17.0 17.0 17.0 17.0 17.0 17.0 17.0 17.0 17.0 17.0 17.0 17.0 17.0 17.0 16.0 16.0 16.0 16.0 16.0 16.0 16.0 16.0 16.0 16.0 16.0 
45.0 39.0 30.0 22.0 19.0 18.0 18.0 18.0 18.0 18.0 18.0 17.0 17.0 17.0 17.0 17.0 17.0 17.0 17.0 17.0 17.0 17.0 17.0 17.0 16.0 16.0 16.0 16.0 16.0 16.0 16.0 16.0 16.0 16.0 16.0 16.0 16.0 16.0 16.0 16.0 16.0 16.0 
45.0 39.0 30.0 22.0 18.0 18.0 17.0 17.0 17.0 17.0 17.0 17.0 17.0 17.0 17.0 17.0 17.0 16.0 16.0 16.0 16.0 16.0 16.0 16.0 16.0 16.0 16.0 16.0 16.0 16.0 16.0 16.0 16.0 15.0 15.0 15.0 15.0 15.0 15.0 15.0 15.0 15.0 
44.0 38.0 29.0 22.0 18.0 17.0 17.0 17.0 17.0 17.0 17.0 17.0 16.0 16.0 16.0 16.0 16.0 16.0 16.0 16.0 16.0 16.0 16.0 16.0 16.0 15.0 15.0 15.0 15.0 15.0 15.0 15.0 15.0 15.0 15.0 15.0 15.0 15.0 15.0 15.0 15.0 15.0 
44.0 38.0 29.0 21.0 17.0 17.0 17.0 17.0 16.0 16.0 16.0 16.0 16.0 16.0 16.0 16.0 16.0 16.0 16.0 16.0 15.0 15.0 15.0 15.0 15.0 15.0 15.0 15.0 15.0 15.0 15.0 15.0 15.0 15.0 15.0 15.0 15.0 14.0 14.0 14.0 14.0 14.0 
44.0 38.0 29.0 21.0 17.0 16.0 16.0 16.0 16.0 16.0 16.0 16.0 16.0 16.0 16.0 15.0 15.0 15.0 15.0 15.0 15.0 15.0 15.0 15.0 15.0 15.0 15.0 15.0 15.0 14.0 14.0 14.0 14.0 14.0 14.0 14.0 14.0 14.0 14.0 14.0 14.0 14.0 
43.0 37.0 28.0 20.0 17.0 16.0 16.0 16.0 16.0 16.0 16.0 15.0 15.0 15.0 15.0 15.0 15.0 15.0 15.0 15.0 15.0 15.0 15.0 14.0 14.0 14.0 14.0 14.0 14.0 14.0 14.0 14.0 14.0 14.0 14.0 14.0 14.0 14.0 14.0 14.0 14.0 14.0 
43.0 37.0 28.0 20.0 16.0 16.0 16.0 15.0 15.0 15.0 15.0 15.0 15.0 15.0 15.0 15.0 15.0 15.0 14.0 14.0 14.0 14.0 14.0 14.0 14.0 14.0 14.0 14.0 14.0 14.0 14.0 14.0 14.0 14.0 13.0 13.0 13.0 13.0 13.0 13.0 13.0 13.0 
42.0 36.0 28.0 20.0 16.0 15.0 15.0 15.0 15.0 15.0 15.0 15.0 15.0 15.0 14.0 14.0 14.0 14.0 14.0 14.0 14.0 14.0 14.0 14.0 14.0 14.0 14.0 13.0 13.0 13.0 13.0 13.0 13.0 13.0 13.0 13.0 13.0 13.0 13.0 13.0 13.0 13.0 
42.0 36.0 27.0 19.0 16.0 15.0 15.0 15.0 15.0 15.0 15.0 14.0 14.0 14.0 14.0 14.0 14.0 14.0 14.0 14.0 14.0 14.0 14.0 13.0 13.0 13.0 13.0 13.0 13.0 13.0 13.0 13.0 13.0 13.0 13.0 13.0 13.0 13.0 13.0 13.0 13.0 13.0 
42.0 36.0 27.0 19.0 15.0 15.0 15.0 15.0 14.0 14.0 14.0 14.0 14.0 14.0 14.0 14.0 14.0 14.0 14.0 13.0 13.0 13.0 13.0 13.0 13.0 13.0 13.0 13.0 13.0 13.0 13.0 13.0 13.0 13.0 13.0 13.0 13.0 12.0 12.0 12.0 12.0 12.0 
41.0 36.0 27.0 19.0 15.0 15.0 14.0 14.0 14.0 14.0 14.0 14.0 14.0 14.0 14.0 14.0 13.0 13.0 13.0 13.0 13.0 13.0 13.0 13.0 13.0 13.0 13.0 13.0 13.0 13.0 13.0 12.0 12.0 12.0 12.0 12.0 12.0 12.0 12.0 12.0 12.0 12.0 
41.0 35.0 26.0 19.0 15.0 14.0 14.0 14.0 14.0 14.0 14.0 14.0 14.0 13.0 13.0 13.0 13.0 13.0 13.0 13.0 13.0 13.0 13.0 13.0 13.0 13.0 12.0 12.0 12.0 12.0 12.0 12.0 12.0 12.0 12.0 12.0 12.0 12.0 12.0 12.0 12.0 12.0 
41.0 35.0 26.0 18.0 15.0 14.0 14.0 14.0 14.0 14.0 13.0 13.0 13.0 13.0 13.0 13.0 13.0 13.0 13.0 13.0 13.0 13.0 12.0 12.0 12.0 12.0 12.0 12.0 12.0 12.0 12.0 12.0 12.0 12.0 12.0 12.0 12.0 12.0 12.0 12.0 12.0 12.0 
41.0 35.0 26.0 18.0 14.0 14.0 14.0 14.0 14.0 13.0 13.0 13.0 13.0 13.0 13.0 13.0 13.0 13.0 13.0 12.0 12.0 12.0 12.0 12.0 12.0 12.0 12.0 12.0 12.0 12.0 12.0 12.0 12.0 12.0 12.0 12.0 12.0 12.0 11.0 11.0 11.0 11.0 
40.0 34.0 26.0 18.0 14.0 14.0 14.0 13.0 13.0 13.0 13.0 13.0 13.0 13.0 13.0 13.0 13.0 13.0 12.0 12.0 12.0 12.0 12.0 12.0 12.0 12.0 12.0 12.0 12.0 12.0 12.0 12.0 12.0 12.0 11.0 11.0 11.0 11.0 11.0 11.0 11.0 11.0 
40.0 34.0 25.0 18.0 14.0 13.0 13.0 13.0 13.0 13.0 13.0 13.0 13.0 13.0 13.0 13.0 12.0 12.0 12.0 12.0 12.0 12.0 12.0 12.0 12.0 12.0 12.0 12.0 12.0 12.0 12.0 11.0 11.0 11.0 11.0 11.0 11.0 11.0 11.0 11.0 11.0 11.0 
40.0 34.0 25.0 17.0 14.0 13.0 13.0 13.0 13.0 13.0 13.0 13.0 13.0 13.0 12.0 12.0 12.0 12.0 12.0 12.0 12.0 12.0 12.0 12.0 12.0 12.0 12.0 12.0 11.0 11.0 11.0 11.0 11.0 11.0 11.0 11.0 11.0 11.0 11.0 11.0 11.0 11.0 
40.0 34.0 25.0 17.0 14.0 13.0 13.0 13.0 13.0 13.0 13.0 13.0 12.0 12.0 12.0 12.0 12.0 12.0 12.0 12.0 12.0 12.0 12.0 12.0 12.0 11.0 11.0 11.0 11.0 11.0 11.0 11.0 11.0 11.0 11.0 11.0 11.0 11.0 11.0 11.0 11.0 11.0 
17.0 17.0 25.0 17.0 14.0 13.0 13.0 13.0 13.0 13.0 13.0 13.0 12.0 12.0 12.0 12.0 12.0 12.0 12.0 12.0 12.0 12.0 12.0 12.0 11.0 11.0 11.0 11.0 11.0 11.0 11.0 11.0 11.0 11.0 11.0 11.0 11.0 11.0 11.0 11.0 11.0 11.0 
17.0 17.0 25.0 17.0 14.0 13.0 13.0 13.0 13.0 13.0 13.0 12.0 12.0 12.0 12.0 12.0 12.0 12.0 12.0 12.0 12.0 12.0 12.0 12.0 11.0 11.0 11.0 11.0 11.0 11.0 11.0 11.0 11.0 11.0 11.0 11.0 11.0 11.0 11.0 11.0 11.0 11.0 
39.0 33.0 24.0 17.0 13.0 13.0 13.0 13.0 13.0 13.0 13.0 12.0 12.0 12.0 12.0 12.0 12.0 12.0 12.0 12.0 12.0 12.0 12.0 12.0 11.0 11.0 11.0 11.0 11.0 11.0 11.0 11.0 11.0 11.0 11.0 11.0 11.0 11.0 11.0 11.0 11.0 11.0 
39.0 33.0 24.0 17.0 13.0 13.0 13.0 13.0 13.0 13.0 13.0 12.0 12.0 12.0 12.0 12.0 12.0 12.0 12.0 12.0 12.0 12.0 12.0 11.0 11.0 11.0 11.0 11.0 11.0 11.0 11.0 11.0 11.0 11.0 11.0 11.0 11.0 11.0 11.0 11.0 11.0 
39.0 33.0 24.0 17.0 13.0 13.0 13.0 13.0 13.0 13.0 12.0 12.0 12.0 12.0 12.0 12.0 12.0 12.0 12.0 12.0 12.0 12.0 12.0 11.0 11.0 11.0 11.0 11.0 11.0 11.0 11.0 11.0 11.0 11.0 11.0 11.0 11.0 11.0 11.0 11.0 11.0 
39.0 33.0 24.0 17.0 13.0 13.0 13.0 13.0 13.0 13.0 13.0 12.0 12.0 12.0 12.0 12.0 12.0 12.0 12.0 12.0 12.0 12.0 12.0 12.0 11.0 11.0 11.0 11.0 11.0 11.0 11.0 11.0 11.0 11.0 11.0 11.0 11.0 11.0 11.0 11.0 11.0 
39.0 33.0 24.0 17.0 13.0 13.0 13.0 13.0 13.0 13.0 13.0 13.0 12.0 12.0 12.0 12.0 12.0 12.0 12.0 12.0 12.0 12.0 12.0 12.0 12.0 12.0 11.0 11.0 11.0 11.0 11.0 11.0 11.0 11.0 11.0 11.0 11.0 11.0 11.0 11.0 11.0 
39.0 33.0 24.0 17.0 14.0 13.0 13.0 13.0 13.0 13.0 13.0 13.0 13.0 13.0 12.0 12.0 12.0 12.0 12.0 12.0 12.0 12.0 12.0 12.0 12.0 12.0 12.0 12.0 11.0 11.0 11.0 11.0 11.0 11.0 11.0 11.0 11.0 11.0 11.0 11.0 11.0 
39.0 33.0 24.0 17.0 14.0 13.0 13.0 13.0 13.0 13.0 13.0 13.0 13.0 13.0 13.0 12.0 12.0 12.0 12.0 12.0 12.0 12.0 12.0 12.0 12.0 12.0 12.0 12.0 12.0 12.0 12.0 11.0 11.0 11.0 11.0 11.0 11.0 11.0 11.0 11.0 11.0 
39.0 33.0 24.0 17.0 14.0 13.0 13.0 13.0 13.0 13.0 13.0 13.0 13.0 13.0 13.0 13.0 13.0 12.0 12.0 12.0 12.0 12.0 12.0 12.0 12.0 12.0 12.0 12.0 12.0 12.0 12.0 12.0 12.0 11.0 11.0 11.0 11.0 11.0 11.0 11.0 11.0 
39.0 33.0 24.0 17.0 14.0 14.0 14.0 13.0 13.0 13.0 13.0 13.0 13.0 13.0 13.0 13.0 13.0 13.0 13.0 12.0 12.0 12.0 12.0 12.0 12.0 12.0 12.0 12.0 12.0 12.0 12.0 12.0 12.0 12.0 12.0 12.0 12.0 12.0 11.0 11.0 
39.0 33.0 24.0 17.0 14.0 14.0 14.0 14.0 14.0 14.0 13.0 13.0 13.0 13.0 13.0 13.0 13.0 13.0 13.0 13.0 13.0 13.0 13.0 13.0 12.0 12.0 12.0 12.0 12.0 12.0 12.0 12.0 12.0 12.0 12.0 12.0 12.0 12.0 12.0 12.0 
39.0 33.0 24.0 17.0 14.0 14.0 14.0 14.0 14.0 14.0 14.0 14.0 14.0 14.0 13.0 13.0 13.0 13.0 13.0 13.0 13.0 13.0 13.0 13.0 13.0 13.0 13.0 13.0 12.0 12.0 12.0 12.0 12.0 12.0 12.0 12.0 12.0 12.0 12.0 12.0 
39.0 33.0 24.0 17.0 15.0 14.0 14.0 14.0 14.0 14.0 14.0 14.0 14.0 14.0 14.0 14.0 14.0 13.0 13.0 13.0 13.0 13.0 13.0 13.0 13.0 13.0 13.0 13.0 13.0 13.0 13.0 13.0 13.0 13.0 12.0 12.0 12.0 12.0 12.0 12.0 
39.0 33.0 24.0 17.0 15.0 15.0 15.0 15.0 14.0 14.0 14.0 14.0 14.0 14.0 14.0 14.0 14.0 14.0 14.0 14.0 14.0 13.0 13.0 13.0 13.0 13.0 13.0 13.0 13.0 13.0 13.0 13.0 13.0 13.0 13.0 13.0 13.0 13.0 13.0 13.0 
39.0 33.0 24.0 17.0 15.0 15.0 15.0 15.0 15.0 15.0 15.0 15.0 14.0 14.0 14.0 14.0 14.0 14.0 14.0 14.0 14.0 14.0 14.0 14.0 14.0 14.0 14.0 13.0 13.0 13.0 13.0 13.0 13.0 13.0 13.0 13.0 13.0 13.0 13.0 
39.0 34.0 24.0 18.0 16.0 15.0 15.0 15.0 15.0 15.0 15.0 15.0 15.0 15.0 15.0 15.0 15.0 14.0 14.0 14.0 14.0 14.0 14.0 14.0 14.0 14.0 14.0 14.0 14.0 14.0 14.0 14.0 14.0 14.0 14.0 14.0 13.0 13.0 13.0 
40.0 34.0 25.0 18.0 16.0 16.0 16.0 16.0 16.0 16.0 15.0 15.0 15.0 15.0 15.0 15.0 15.0 15.0 15.0 15.0 15.0 15.0 15.0 15.0 14.0 14.0 14.0 14.0 14.0 14.0 14.0 14.0 14.0 14.0 14.0 14.0 14.0 14.0 14.0 
40.0 34.0 25.0 18.0 16.0 16.0 16.0 16.0 16.0 16.0 16.0 16.0 16.0 16.0 16.0 15.0 15.0 15.0 15.0 15.0 15.0 15.0 15.0 15.0 15.0 15.0 15.0 15.0 15.0 15.0 15.0 15.0 14.0 14.0 14.0 14.0 14.0 14.0 14.0 
40.0 34.0 25.0 18.0 17.0 17.0 17.0 17.0 16.0 16.0 16.0 16.0 16.0 16.0 16.0 16.0 16.0 16.0 16.0 16.0 16.0 16.0 15.0 15.0 15.0 15.0 15.0 15.0 15.0 15.0 15.0 15.0 15.0 15.0 15.0 15.0 15.0 15.0 15.0 
40.0 34.0 25.0 19.0 17.0 17.0 17.0 17.0 17.0 17.0 17.0 17.0 17.0 17.0 16.0 16.0 16.0 16.0 16.0 16.0 16.0 16.0 16.0 16.0 16.0 16.0 16.0 16.0 16.0 16.0 15.0 15.0 15.0 15.0 15.0 15.0 15.0 15.0 
40.0 35.0 25.0 19.0 18.0 18.0 18.0 18.0 17.0 17.0 17.0 17.0 17.0 17.0 17.0 17.0 17.0 17.0 17.0 17.0 17.0 17.0 16.0 16.0 16.0 16.0 16.0 16.0 16.0 16.0 16.0 16.0 16.0 16.0 16.0 16.0 16.0 16.0 
41.0 35.0 26.0 20.0 18.0 18.0 18.0 18.0 18.0 18.0 18.0 18.0 18.0 18.0 18.0 18.0 17.0 17.0 17.0 17.0 17.0 17.0 17.0 17.0 17.0 17.0 17.0 17.0 17.0 17.0 17.0 17.0 17.0 17.0 16.0 16.0 16.0 16.0 
41.0 35.0 26.0 20.0 19.0 19.0 19.0 19.0 19.0 19.0 18.0 18.0 18.0 18.0 18.0 18.0 18.0 18.0 18.0 18.0 18.0 18.0 18.0 18.0 18.0 17.0 17.0 17.0 17.0 17.0 17.0 17.0 17.0 17.0 17.0 17.0 17.0 17.0 
41.0 35.0 26.0 21.0 20.0 19.0 19.0 19.0 19.0 19.0 19.0 19.0 19.0 19.0 19.0 19.0 19.0 19.0 18.0 18.0 18.0 18.0 18.0 18.0 18.0 18.0 18.0 18.0 18.0 18.0 18.0 18.0 18.0 18.0 18.0 18.0 18.0 
42.0 36.0 26.0 21.0 20.0 20.0 20.0 20.0 20.0 20.0 20.0 20.0 20.0 19.0 19.0 19.0 19.0 19.0 19.0 19.0 19.0 19.0 19.0 19.0 19.0 19.0 19.0 19.0 19.0 19.0 19.0 18.0 18.0 18.0 18.0 18.0 18.0 
42.0 36.0 27.0 22.0 21.0 21.0 21.0 21.0 21.0 21.0 20.0 20.0 20.0 20.0 20.0 20.0 20.0 20.0 20.0 20.0 20.0 20.0 20.0 20.0 20.0 19.0 19.0 19.0 19.0 19.0 19.0 19.0 19.0 19.0 19.0 19.0 19.0 
42.0 37.0 27.0 22.0 22.0 22.0 21.0 21.0 21.0 21.0 21.0 21.0 21.0 21.0 21.0 21.0 21.0 21.0 21.0 21.0 21.0 20.0 20.0 20.0 20.0 20.0 20.0 20.0 20.0 20.0 20.0 20.0 20.0 20.0 20.0 20.0 
43.0 37.0 28.0 23.0 22.0 22.0 22.0 22.0 22.0 22.0 22.0 22.0 22.0 22.0 22.0 22.0 22.0 21.0 21.0 21.0 21.0 21.0 21.0 21.0 21.0 21.0 21.0 21.0 21.0 21.0 21.0 21.0 21.0 21.0 21.0 21.0 
43.0 37.0 28.0 24.0 23.0 23.0 23.0 23.0 23.0 23.0 23.0 23.0 23.0 22.0 22.0 22.0 22.0 22.0 22.0 22.0 22.0 22.0 22.0 22.0 22.0 22.0 22.0 22.0 22.0 22.0 22.0 22.0 21.0 21.0 21.0 21.0 
44.0 38.0 29.0 25.0 24.0 24.0 24.0 24.0 24.0 24.0 24.0 24.0 23.0 23.0 23.0 23.0 23.0 23.0 23.0 23.0 23.0 23.0 23.0 23.0 23.0 23.0 23.0 23.0 23.0 23.0 22.0 22.0 22.0 22.0 22.0 
44.0 38.0 29.0 25.0 25.0 25.0 25.0 25.0 25.0 25.0 25.0 24.0 24.0 24.0 24.0 24.0 24.0 24.0 24.0 24.0 24.0 24.0 24.0 24.0 24.0 24.0 24.0 24.0 24.0 23.0 23.0 23.0 23.0 23.0 23.0 
45.0 39.0 30.0 26.0 26.0 26.0 26.0 26.0 26.0 26.0 25.0 25.0 25.0 25.0 25.0 25.0 25.0 25.0 25.0 25.0 25.0 25.0 25.0 25.0 25.0 25.0 25.0 24.0 24.0 24.0 24.0 24.0 24.0 24.0 24.0 
45.0 40.0 31.0 27.0 27.0 27.0 27.0 27.0 27.0 26.0 26.0 26.0 26.0 26.0 26.0 26.0 26.0 26.0 26.0 26.0 26.0 26.0 26.0 26.0 26.0 26.0 26.0 25.0 25.0 25.0 25.0 25.0 25.0 25.0 
46.0 40.0 32.0 28.0 28.0 28.0 28.0 28.0 28.0 28.0 27.0 27.0 27.0 27.0 27.0 27.0 27.0 27.0 27.0 27.0 27.0 27.0 27.0 27.0 27.0 27.0 27.0 27.0 27.0 27.0 26.0 26.0 26.0 26.0 
47.0 41.0 33.0 29.0 29.0 29.0 29.0 29.0 29.0 29.0 29.0 29.0 28.0 28.0 28.0 28.0 28.0 28.0 28.0 28.0 28.0 28.0 28.0 28.0 28.0 28.0 28.0 28.0 28.0 28.0 28.0 28.0 28.0 
48.0 42.0 33.0 30.0 30.0 30.0 30.0 30.0 30.0 30.0 30.0 30.0 30.0 30.0 30.0 29.0 29.0 29.0 29.0 29.0 29.0 29.0 29.0 29.0 29.0 29.0 29.0 29.0 29.0 29.0 29.0 29.0 29.0 
48.0 43.0 34.0 32.0 31.0 31.0 31.0 31.0 31.0 31.0 31.0 31.0 31.0 31.0 31.0 31.0 31.0 31.0 30.0 30.0 30.0 30.0 30.0 30.0 30.0 30.0 30.0 30.0 30.0 30.0 30.0 30.0 30.0 
49.0 44.0 36.0 33.0 33.0 33.0 33.0 33.0 32.0 32.0 32.0 32.0 32.0 32.0 32.0 32.0 32.0 32.0 32.0 32.0 32.0 32.0 32.0 32.0 32.0 32.0 32.0 32.0 32.0 32.0 31.0 31.0 
50.0 45.0 37.0 34.0 34.0 34.0 34.0 34.0 34.0 34.0 34.0 34.0 34.0 34.0 34.0 34.0 33.0 33.0 33.0 33.0 33.0 33.0 33.0 33.0 33.0 33.0 33.0 33.0 33.0 33.0 33.0 33.0 
36.0 36.0 36.0 36.0 36.0 35.0 35.0 35.0 35.0 35.0 35.0 35.0 35.0 35.0 35.0 35.0 35.0 35.0 35.0 35.0 35.0 35.0 35.0 35.0 35.0 35.0 35.0 35.0 34.0 34.0 34.0 
37.0 37.0 37.0 37.0 37.0 37.0 37.0 37.0 37.0 37.0 37.0 37.0 37.0 37.0 37.0 37.0 36.0 36.0 36.0 36.0 36.0 36.0 36.0 36.0 36.0 36.0 36.0 36.0 36.0 36.0 36.0 
39.0 39.0 39.0 39.0 39.0 39.0 39.0 39.0 39.0 39.0 39.0 38.0 38.0 38.0 38.0 38.0 38.0 38.0 38.0 38.0 38.0 38.0 38.0 38.0 38.0 38.0 38.0 38.0 38.0 38.0 
41.0 41.0 41.0 41.0 41.0 41.0 40.0 40.0 40.0 40.0 40.0 40.0 40.0 40.0 40.0 40.0 40.0 40.0 40.0 40.0 40.0 40.0 40.0 40.0 40.0 40.0 40.0 40.0 40.0 40.0 
62.0 56.0 47.0 43.0 42.0 42.0 42.0 42.0 42.0 42.0 42.0 42.0 42.0 42.0 42.0 42.0 42.0 42.0 42.0 42.0 42.0 42.0 42.0 42.0 42.0 42.0 42.0 42.0 42.0 
63.0 57.0 48.0 45.0 44.0 44.0 44.0 44.0 44.0 44.0 44.0 44.0 44.0 44.0 44.0 44.0 44.0 44.0 44.0 44.0 44.0 44.0 44.0 44.0 44.0 44.0 44.0 44.0 44.0 
65.0 59.0 50.0 47.0 47.0 47.0 46.0 46.0 46.0 46.0 46.0 46.0 46.0 46.0 46.0 46.0 46.0 46.0 46.0 46.0 46.0 46.0 46.0 46.0 46.0 46.0 46.0 46.0 
66.0 61.0 52.0 49.0 49.0 49.0 49.0 49.0 49.0 49.0 49.0 49.0 49.0 49.0 49.0 49.0 48.0 48.0 48.0 48.0 48.0 48.0 48.0 48.0 48.0 48.0 48.0 
68.0 63.0 54.0 51.0 51.0 51.0 51.0 51.0 51.0 51.0 51.0 51.0 51.0 51.0 51.0 51.0 51.0 51.0 51.0 51.0 51.0 51.0 51.0 51.0 51.0 51.0 51.0 
70.0 64.0 56.0 54.0 54.0 54.0 54.0 54.0 54.0 54.0 54.0 54.0 54.0 54.0 54.0 54.0 54.0 54.0 53.0 53.0 53.0 53.0 53.0 53.0 53.0 53.0 
72.0 67.0 59.0 57.0 57.0 57.0 57.0 57.0 57.0 57.0 57.0 57.0 57.0 57.0 57.0 56.0 56.0 56.0 56.0 56.0 56.0 56.0 56.0 56.0 56.0 
74.0 69.0 61.0 60.0 60.0 60.0 60.0 60.0 60.0 60.0 60.0 60.0 59.0 59.0 59.0 59.0 59.0 59.0 59.0 59.0 59.0 59.0 59.0 59.0 
77.0 71.0 64.0 63.0 63.0 63.0 63.0 63.0 62.0 62.0 62.0 62.0 62.0 62.0 62.0 62.0 62.0 62.0 62.0 62.0 62.0 62.0 62.0 
79.0 73.0 67.0 66.0 66.0 66.0 66.0 66.0 66.0 66.0 66.0 66.0 65.0 65.0 65.0 65.0 65.0 65.0 65.0 65.0 65.0 65.0 
81.0 76.0 70.0 69.0 69.0 69.0 69.0 69.0 69.0 69.0 69.0 69.0 69.0 69.0 69.0 69.0 69.0 69.0 69.0 69.0 69.0 
84.0 79.0 73.0 72.0 72.0 72.0 72.0 72.0 72.0 72.0 72.0 72.0 72.0 72.0 72.0 72.0 72.0 72.0 72.0 72.0 
87.0 82.0 77.0 76.0 76.0 76.0 76.0 76.0 76.0 76.0 76.0 76.0 76.0 76.0 76.0 76.0 76.0 76.0 76.0 
90.0 85.0 80.0 80.0 80.0 80.0 80.0 80.0 80.0 80.0 80.0 80.0 80.0 80.0 80.0 80.0 80.0 
93.0 88.0 84.0 83.0 83.0 83.0 83.0 83.0 83.0 83.0 83.0 83.0 83.0 83.0 83.0 83.0 
96.0 91.0 87.0 87.0 87.0 87.0 87.0 87.0 87.0 87.0 87.0 87.0 87.0 87.0 87.0 
99.0 94.0 91.0 91.0 90.0 90.0 90.0 90.0 90.0 90.0 90.0 90.0 90.0 
102.0 98.0 94.0 94.0 94.0 94.0 94.0 94.0 94.0 94.0 94.0 94.0 
106.0 102.0 98.0 98.0 98.0 98.0 98.0 98.0 98.0 98.0 
108.0 105.0 101.0 101.0 101.0 101.0 101.0 101.0 
112.0 109.0 105.0 105.0 105.0 105.0 
115.0 115.0 
