-801.92 -801.92 -800.13 
-798.92 -798.92 -797.13 -795.56 -794.99 -794.83 
-792.50 -792.50 -785.92 -783.31 -782.51 -782.20 -782.12 
-786.88 -786.88 -780.83 -778.95 -778.45 -778.22 -778.11 -778.08 
-778.90 -778.90 -774.45 -772.11 -771.57 -771.35 -771.27 -771.23 -771.18 -771.17 
-770.61 -770.61 -765.88 -764.77 -764.44 -764.31 -764.23 -764.19 -764.17 -764.18 -764.18 
-763.16 -763.16 -758.91 -757.80 -757.48 -757.35 -757.29 -757.25 -757.22 -757.21 -757.20 -757.20 
-754.48 -754.48 -751.32 -749.97 -749.62 -749.45 -749.36 -749.32 -749.29 -749.28 -749.27 -749.25 -749.24 
-745.64 -745.64 -742.54 -741.82 -741.54 -741.41 -741.35 -741.32 -741.30 -741.28 -741.26 -741.25 -741.27 -741.27 
-737.56 -737.56 -734.62 -733.85 -733.59 -733.47 -733.41 -733.36 -733.32 -733.30 -733.30 -733.29 -733.28 -733.28 -733.26 
-729.44 -729.44 -726.64 -725.88 -725.63 -725.52 -725.42 -725.36 -725.35 -725.34 -725.32 -725.30 -725.31 -725.28 -725.28 
-721.34 -721.34 -718.67 -717.91 -717.67 -717.51 -717.42 -717.40 -717.39 -717.35 -717.33 -717.34 -717.32 -717.31 -717.33 -717.32 
-713.26 -713.26 -710.65 -709.92 -709.65 -709.50 -709.46 -709.44 -709.38 -709.36 -709.37 -709.34 -709.33 -709.34 -709.33 -709.33 -709.33 
-704.12 -704.12 -701.60 -700.91 -700.64 -700.54 -700.50 -700.43 -700.39 -700.40 -700.37 -700.35 -700.36 -700.35 -700.35 -700.34 -700.34 -700.35 
-695.05 -695.05 -692.60 -691.92 -691.67 -691.58 -691.51 -691.43 -691.43 -691.40 -691.38 -691.39 -691.37 -691.36 -691.36 -691.35 -691.36 -691.36 -691.34 
-685.88 -685.88 -683.56 -682.93 -682.69 -682.60 -682.50 -682.45 -682.45 -682.40 -682.41 -682.39 -682.38 -682.39 -682.36 -682.38 -682.37 -682.36 -682.36 
-676.77 -676.77 -674.57 -673.95 -673.73 -673.59 -673.48 -673.48 -673.44 -673.42 -673.42 -673.39 -673.40 -673.38 -673.39 -673.38 -673.37 -673.37 -673.38 -673.38 
-667.13 -667.13 -665.85 -665.04 -664.76 -664.62 -664.54 -664.51 -664.47 -664.45 -664.44 -664.42 -664.43 -664.41 -664.42 -664.39 -664.41 -664.39 -664.40 -664.40 -664.39 
-657.75 -657.75 -656.29 -655.84 -655.65 -655.58 -655.51 -655.48 -655.46 -655.44 -655.43 -655.42 -655.42 -655.41 -655.41 -655.40 -655.40 -655.40 -655.40 -655.40 -655.41 
-648.64 -648.64 -647.27 -646.85 -646.70 -646.60 -646.52 -646.50 -646.46 -646.46 -646.43 -646.44 -646.42 -646.43 -646.41 -646.42 -646.41 -646.42 -646.40 -646.41 -646.42 -646.40 
-639.50 -639.50 -638.24 -637.84 -637.70 -637.58 -637.53 -637.52 -637.47 -637.48 -637.45 -637.46 -637.44 -637.45 -637.43 -637.45 -637.42 -637.44 -637.42 -637.43 -637.41 -637.42 
-630.36 -630.36 -629.19 -628.83 -628.69 -628.57 -628.54 -628.52 -628.48 -628.49 -628.46 -628.47 -628.45 -628.46 -628.45 -628.45 -628.44 -628.44 -628.44 -628.44 -628.44 -628.46 -628.44 
-621.38 -621.38 -620.21 -619.86 -619.70 -619.58 -619.56 -619.51 -619.50 -619.48 -619.48 -619.47 -619.47 -619.45 -619.46 -619.44 -619.46 -619.44 -619.45 -619.44 -619.45 -619.43 -619.44 
-612.27 -612.27 -611.18 -610.85 -610.70 -610.59 -610.57 -610.52 -610.52 -610.49 -610.49 -610.47 -610.49 -610.47 -610.48 -610.46 -610.48 -610.46 -610.47 -610.46 -610.46 -610.46 -610.47 -610.46 
-603.13 -603.13 -602.14 -601.84 -601.70 -601.59 -601.57 -601.53 -601.53 -601.50 -601.51 -601.49 -601.50 -601.49 -601.50 -601.48 -601.49 -601.48 -601.48 -601.48 -601.47 -601.48 -601.47 -601.48 
-594.14 -594.14 -593.15 -592.86 -592.71 -592.61 -592.58 -592.54 -592.54 -592.52 -592.52 -592.51 -592.51 -592.50 -592.50 -592.49 -592.48 -592.49 -592.48 -592.49 -592.48 -592.49 -592.48 -592.49 -592.48 
-585.10 -585.10 -584.15 -583.86 -583.70 -583.61 -583.60 -583.55 -583.55 -583.53 -583.53 -583.52 -583.51 -583.51 -583.50 -583.51 -583.49 -583.50 -583.49 -583.50 -583.49 -583.49 -583.49 -583.48 -583.47 
-575.99 -575.99 -575.11 -574.85 -574.69 -574.62 -574.61 -574.56 -574.57 -574.54 -574.55 -574.53 -574.52 -574.52 -574.51 -574.53 -574.51 -574.53 -574.51 -574.51 -574.51 -574.50 -574.51 -574.50 -574.51 
-566.94 -566.94 -566.10 -565.85 -565.69 -565.63 -565.61 -565.58 -565.57 -565.55 -565.55 -565.54 -565.53 -565.54 -565.53 -565.54 -565.53 -565.53 -565.52 -565.51 -565.52 -565.51 -565.53 -565.51 -565.53 -565.52 
-557.96 -557.96 -557.12 -556.86 -556.70 -556.65 -556.62 -556.59 -556.57 -556.56 -556.54 -556.55 -556.54 -556.54 -556.54 -556.54 -556.53 -556.52 -556.53 -556.52 -556.53 -556.52 -556.52 -556.52 -556.51 -556.50 
-548.90 -548.90 -548.11 -547.86 -547.70 -547.66 -547.62 -547.60 -547.58 -547.57 -547.55 -547.56 -547.55 -547.56 -547.55 -547.54 -547.54 -547.53 -547.54 -547.53 -547.54 -547.53 -547.52 -547.53 -547.52 -547.54 
-539.82 -539.82 -539.08 -538.85 -538.70 -538.67 -538.62 -538.60 -538.59 -538.58 -538.57 -538.58 -538.57 -538.58 -538.56 -538.55 -538.56 -538.55 -538.56 -538.55 -538.54 -538.55 -538.54 -538.55 -538.54 -538.56 -538.55 
-530.80 -530.80 -530.08 -529.85 -529.71 -529.67 -529.63 -529.61 -529.60 -529.59 -529.59 -529.58 -529.58 -529.58 -529.57 -529.56 -529.57 -529.56 -529.57 -529.56 -529.55 -529.56 -529.55 -529.56 -529.55 -529.55 -529.53 
-521.81 -521.81 -521.09 -520.86 -520.72 -520.68 -520.63 -520.62 -520.60 -520.60 -520.59 -520.59 -520.58 -520.57 -520.57 -520.57 -520.57 -520.57 -520.56 -520.56 -520.55 -520.56 -520.55 -520.55 -520.55 -520.54 -520.53 
-512.79 -512.79 -512.09 -511.86 -511.72 -511.70 -511.64 -511.64 -511.61 -511.61 -511.60 -511.60 -511.59 -511.58 -511.58 -511.58 -511.58 -511.57 -511.56 -511.57 -511.56 -511.57 -511.56 -511.55 -511.56 -511.55 -511.57 
-503.72 -503.72 -503.07 -502.86 -502.72 -502.70 -502.65 -502.64 -502.62 -502.63 -502.61 -502.62 -502.60 -502.59 -502.60 -502.59 -502.60 -502.59 -502.58 -502.59 -502.58 -502.58 -502.58 -502.57 -502.58 -502.57 -502.59 -502.58 
-494.69 -494.69 -494.06 -493.85 -493.73 -493.70 -493.66 -493.65 -493.63 -493.63 -493.62 -493.62 -493.61 -493.61 -493.61 -493.60 -493.60 -493.60 -493.59 -493.60 -493.59 -493.58 -493.59 -493.58 -493.59 -493.58 -493.58 -493.57 
-485.70 -485.70 -485.07 -484.86 -484.74 -484.71 -484.67 -484.65 -484.64 -484.64 -484.63 -484.61 -484.61 -484.61 -484.61 -484.61 -484.60 -484.60 -484.60 -484.60 -484.59 -484.58 -484.59 -484.58 -484.58 -484.58 -484.58 -484.57 
-476.71 -476.71 -476.08 -475.86 -475.75 -475.72 -475.67 -475.66 -475.65 -475.64 -475.63 -475.62 -475.62 -475.61 -475.62 -475.61 -475.60 -475.60 -475.60 -475.59 -475.59 -475.58 -475.59 -475.58 -475.57 -475.58 -475.57 -475.59 
-467.68 -467.68 -467.08 -466.85 -466.75 -466.73 -466.68 -466.67 -466.65 -466.65 -466.64 -466.62 -466.63 -466.62 -466.63 -466.62 -466.61 -466.61 -466.61 -466.60 -466.60 -466.60 -466.60 -466.59 -466.59 -466.60 -466.59 -466.61 -466.60 
-458.62 -458.62 -458.06 -457.84 -457.75 -457.73 -457.68 -457.68 -457.66 -457.67 -457.64 -457.64 -457.64 -457.64 -457.64 -457.63 -457.62 -457.63 -457.62 -457.61 -457.62 -457.61 -457.61 -457.61 -457.60 -457.61 -457.60 -457.60 -457.59 
-449.60 -449.60 -449.05 -448.84 -448.76 -448.73 -448.69 -448.69 -448.67 -448.66 -448.65 -448.65 -448.65 -448.64 -448.63 -448.63 -448.63 -448.64 -448.63 -448.62 -448.62 -448.62 -448.61 -448.61 -448.61 -448.61 -448.61 -448.60 -448.60 
-440.60 -440.60 -440.06 -439.85 -439.77 -439.74 -439.70 -439.69 -439.67 -439.66 -439.65 -439.65 -439.65 -439.64 -439.64 -439.64 -439.64 -439.64 -439.63 -439.62 -439.63 -439.62 -439.61 -439.62 -439.61 -439.61 -439.61 -439.60 -439.62 
-431.60 -431.60 -431.07 -430.85 -430.78 -430.74 -430.71 -430.69 -430.68 -430.66 -430.66 -430.65 -430.65 -430.65 -430.64 -430.64 -430.64 -430.63 -430.63 -430.62 -430.63 -430.62 -430.61 -430.62 -430.61 -430.60 -430.61 -430.61 -430.63 -430.62 
-422.58 -422.58 -422.06 -421.85 -421.78 -421.75 -421.71 -421.70 -421.68 -421.66 -421.67 -421.66 -421.66 -421.65 -421.64 -421.65 -421.64 -421.63 -421.64 -421.63 -421.63 -421.62 -421.62 -421.63 -421.62 -421.61 -421.62 -421.61 -421.61 -421.60 
-413.53 -413.53 -413.05 -412.85 -412.78 -412.75 -412.71 -412.71 -412.68 -412.67 -412.68 -412.67 -412.68 -412.66 -412.66 -412.66 -412.65 -412.65 -412.65 -412.65 -412.64 -412.64 -412.64 -412.64 -412.63 -412.63 -412.63 -412.63 -412.63 -412.62 
-404.51 -404.51 -404.04 -403.85 -403.78 -403.75 -403.71 -403.71 -403.69 -403.68 -403.68 -403.67 -403.68 -403.67 -403.67 -403.67 -403.66 -403.66 -403.66 -403.65 -403.64 -403.65 -403.65 -403.64 -403.64 -403.64 -403.64 -403.64 -403.63 -403.63 
-395.52 -395.52 -395.05 -394.85 -394.79 -394.76 -394.72 -394.71 -394.69 -394.69 -394.68 -394.68 -394.68 -394.67 -394.67 -394.67 -394.66 -394.66 -394.66 -394.65 -394.65 -394.65 -394.65 -394.64 -394.64 -394.64 -394.64 -394.64 -394.63 -394.65 
-386.53 -386.53 -386.05 -385.86 -385.80 -385.76 -385.73 -385.70 -385.70 -385.69 -385.68 -385.69 -385.67 -385.67 -385.67 -385.67 -385.66 -385.66 -385.66 -385.65 -385.65 -385.65 -385.64 -385.64 -385.64 -385.64 -385.63 -385.64 -385.63 -385.65 -385.65 
-377.53 -377.53 -377.06 -376.86 -376.81 -376.76 -376.73 -376.71 -376.70 -376.69 -376.69 -376.69 -376.67 -376.68 -376.67 -376.67 -376.66 -376.66 -376.66 -376.65 -376.65 -376.65 -376.64 -376.64 -376.64 -376.64 -376.63 -376.64 -376.63 -376.63 -376.63 
-368.48 -368.48 -368.04 -367.85 -367.81 -367.76 -367.73 -367.71 -367.71 -367.70 -367.70 -367.69 -367.68 -367.69 -367.68 -367.68 -367.68 -367.67 -367.68 -367.67 -367.66 -367.67 -367.66 -367.66 -367.66 -367.65 -367.65 -367.65 -367.65 -367.65 -367.64 
-359.43 -359.43 -359.02 -358.85 -358.80 -358.76 -358.73 -358.72 -358.71 -358.70 -358.71 -358.70 -358.70 -358.70 -358.69 -358.69 -358.69 -358.69 -358.69 -358.68 -358.68 -358.68 -358.67 -358.67 -358.67 -358.67 -358.66 -358.67 -358.66 -358.66 -358.66 
-350.44 -350.44 -350.02 -349.86 -349.81 -349.76 -349.73 -349.73 -349.71 -349.71 -349.71 -349.70 -349.70 -349.70 -349.70 -349.69 -349.69 -349.69 -349.68 -349.68 -349.68 -349.68 -349.67 -349.67 -349.68 -349.67 -349.66 -349.67 -349.66 -349.66 -349.66 
-341.44 -341.44 -341.01 -340.86 -340.81 -340.76 -340.74 -340.73 -340.72 -340.72 -340.71 -340.70 -340.70 -340.70 -340.70 -340.69 -340.69 -340.69 -340.68 -340.68 -340.68 -340.68 -340.67 -340.67 -340.67 -340.67 -340.66 -340.67 -340.66 -340.66 -340.66 
-332.45 -332.45 -332.02 -331.86 -331.82 -331.76 -331.75 -331.73 -331.72 -331.72 -331.71 -331.71 -331.70 -331.70 -331.70 -331.69 -331.69 -331.69 -331.68 -331.68 -331.68 -331.67 -331.67 -331.67 -331.67 -331.67 -331.67 -331.66 -331.66 -331.66 -331.68 
-323.43 -323.43 -323.02 -322.87 -322.82 -322.76 -322.75 -322.73 -322.73 -322.72 -322.72 -322.71 -322.71 -322.71 -322.70 -322.70 -322.70 -322.69 -322.69 -322.69 -322.68 -322.68 -322.68 -322.68 -322.67 -322.67 -322.67 -322.66 -322.67 -322.67 -322.69 -322.68 
-314.38 -314.38 -314.00 -313.86 -313.82 -313.77 -313.75 -313.73 -313.74 -313.73 -313.73 -313.72 -313.71 -313.72 -313.71 -313.71 -313.71 -313.71 -313.70 -313.70 -313.70 -313.69 -313.70 -313.69 -313.69 -313.69 -313.69 -313.68 -313.68 -313.68 -313.68 -313.68 
-305.34 -305.34 -304.99 -304.85 -304.81 -304.77 -304.75 -304.74 -304.74 -304.73 -304.74 -304.72 -304.72 -304.73 -304.72 -304.72 -304.72 -304.72 -304.71 -304.72 -304.71 -304.71 -304.71 -304.70 -304.70 -304.70 -304.70 -304.69 -304.70 -304.69 -304.69 -304.69 
-296.35 -296.35 -295.99 -295.86 -295.81 -295.78 -295.76 -295.75 -295.74 -295.74 -295.74 -295.72 -295.73 -295.73 -295.72 -295.72 -295.72 -295.72 -295.71 -295.72 -295.71 -295.71 -295.71 -295.70 -295.70 -295.70 -295.70 -295.69 -295.70 -295.69 -295.69 -295.69 
-287.35 -287.35 -286.99 -286.87 -286.82 -286.78 -286.76 -286.75 -286.74 -286.74 -286.73 -286.73 -286.73 -286.73 -286.72 -286.72 -286.72 -286.72 -286.71 -286.72 -286.71 -286.71 -286.71 -286.70 -286.70 -286.70 -286.70 -286.69 -286.70 -286.69 -286.69 -286.69 
-278.35 -278.35 -278.00 -277.87 -277.83 -277.78 -277.77 -277.75 -277.75 -277.74 -277.73 -277.73 -277.73 -277.73 -277.73 -277.72 -277.72 -277.72 -277.72 -277.72 -277.71 -277.71 -277.71 -277.70 -277.70 -277.70 -277.70 -277.69 -277.70 -277.69 -277.69 -277.69 
-269.33 -269.33 -268.99 -268.87 -268.83 -268.78 -268.77 -268.75 -268.75 -268.75 -268.73 -268.74 -268.74 -268.74 -268.73 -268.73 -268.73 -268.72 -268.72 -268.72 -268.72 -268.71 -268.72 -268.71 -268.71 -268.71 -268.70 -268.70 -268.70 -268.70 -268.70 -268.71 
-260.27 -260.27 -259.97 -259.86 -259.82 -259.78 -259.77 -259.76 -259.76 -259.75 -259.75 -259.75 -259.74 -259.75 -259.74 -259.74 -259.75 -259.74 -259.74 -259.74 -259.73 -259.73 -259.73 -259.73 -259.73 -259.73 -259.72 -259.72 -259.72 -259.72 -259.72 -259.73 -259.73 
-251.24 -251.24 -250.96 -250.85 -250.82 -250.78 -250.77 -250.76 -250.76 -250.75 -250.75 -250.75 -250.75 -250.75 -250.75 -250.75 -250.75 -250.75 -250.75 -250.75 -250.74 -250.74 -250.74 -250.74 -250.74 -250.73 -250.73 -250.73 -250.72 -250.73 -250.73 -250.72 -250.72 
-242.24 -242.24 -241.96 -241.86 -241.82 -241.79 -241.77 -241.77 -241.76 -241.76 -241.76 -241.75 -241.76 -241.75 -241.75 -241.75 -241.75 -241.75 -241.75 -241.75 -241.74 -241.74 -241.74 -241.74 -241.73 -241.73 -241.73 -241.73 -241.72 -241.73 -241.73 -241.72 -241.72 
-233.25 -233.25 -232.96 -232.86 -232.82 -232.79 -232.78 -232.77 -232.76 -232.76 -232.76 -232.75 -232.76 -232.75 -232.75 -232.75 -232.75 -232.75 -232.75 -232.74 -232.74 -232.74 -232.73 -232.74 -232.73 -232.73 -232.73 -232.73 -232.72 -232.73 -232.72 -232.72 -232.72 
-224.25 -224.25 -223.97 -223.87 -223.83 -223.79 -223.78 -223.77 -223.77 -223.77 -223.76 -223.76 -223.76 -223.75 -223.75 -223.75 -223.75 -223.75 -223.75 -223.74 -223.74 -223.74 -223.73 -223.74 -223.73 -223.73 -223.73 -223.73 -223.72 -223.73 -223.72 -223.72 -223.72 
-215.22 -215.22 -214.95 -214.86 -214.83 -214.79 -214.79 -214.77 -214.77 -214.77 -214.76 -214.77 -214.76 -214.76 -214.76 -214.76 -214.75 -214.76 -214.75 -214.75 -214.75 -214.75 -214.74 -214.74 -214.74 -214.74 -214.74 -214.74 -214.73 -214.74 -214.73 -214.73 -214.73 
-206.16 -206.16 -205.93 -205.85 -205.82 -205.79 -205.79 -205.77 -205.78 -205.77 -205.77 -205.77 -205.77 -205.77 -205.77 -205.77 -205.77 -205.77 -205.77 -205.76 -205.77 -205.76 -205.76 -205.76 -205.76 -205.75 -205.76 -205.75 -205.75 -205.75 -205.75 -205.75 -205.75 
-197.15 -197.15 -196.93 -196.85 -196.82 -196.79 -196.79 -196.78 -196.78 -196.77 -196.78 -196.78 -196.77 -196.78 -196.77 -196.77 -196.77 -196.77 -196.77 -196.77 -196.77 -196.77 -196.77 -196.77 -196.77 -196.76 -196.76 -196.76 -196.76 -196.76 -196.76 -196.76 -196.75 
-188.15 -188.15 -187.93 -187.85 -187.82 -187.80 -187.79 -187.79 -187.78 -187.77 -187.78 -187.78 -187.78 -187.78 -187.78 -187.78 -187.77 -187.77 -187.77 -187.77 -187.77 -187.77 -187.77 -187.77 -187.76 -187.76 -187.76 -187.76 -187.76 -187.76 -187.76 -187.76 -187.75 
-179.15 -179.15 -178.93 -178.86 -178.82 -178.80 -178.79 -178.79 -178.78 -178.78 -178.78 -178.78 -178.78 -178.78 -178.78 -178.78 -178.77 -178.78 -178.77 -178.77 -178.77 -178.77 -178.77 -178.77 -178.76 -178.76 -178.76 -178.76 -178.76 -178.76 -178.76 -178.75 -178.75 
-170.15 -170.15 -169.93 -169.86 -169.83 -169.80 -169.80 -169.79 -169.78 -169.78 -169.78 -169.78 -169.78 -169.78 -169.78 -169.78 -169.77 -169.78 -169.77 -169.77 -169.77 -169.77 -169.77 -169.77 -169.76 -169.76 -169.76 -169.76 -169.76 -169.76 -169.76 -169.75 -169.75 
-161.12 -161.12 -160.92 -160.85 -160.83 -160.80 -160.80 -160.79 -160.79 -160.79 -160.78 -160.79 -160.79 -160.78 -160.79 -160.79 -160.78 -160.78 -160.78 -160.78 -160.78 -160.78 -160.78 -160.78 -160.77 -160.77 -160.77 -160.77 -160.77 -160.77 -160.77 -160.77 -160.78 
-152.07 -152.07 -151.90 -151.84 -151.82 -151.80 -151.80 -151.79 -151.80 -151.79 -151.79 -151.79 -151.79 -151.79 -151.80 -151.79 -151.79 -151.80 -151.79 -151.79 -151.79 -151.79 -151.79 -151.79 -151.79 -151.79 -151.79 -151.78 -151.78 -151.78 -151.78 -151.78 -151.80 -151.80 
-143.07 -143.07 -142.90 -142.84 -142.82 -142.80 -142.80 -142.79 -142.80 -142.79 -142.80 -142.80 -142.79 -142.80 -142.80 -142.80 -142.80 -142.80 -142.80 -142.80 -142.80 -142.80 -142.79 -142.79 -142.79 -142.79 -142.79 -142.79 -142.79 -142.79 -142.79 -142.79 -142.78 -142.78 
-134.07 -134.07 -133.90 -133.85 -133.82 -133.81 -133.80 -133.80 -133.80 -133.79 -133.80 -133.80 -133.80 -133.80 -133.80 -133.80 -133.80 -133.80 -133.80 -133.80 -133.80 -133.79 -133.79 -133.79 -133.79 -133.79 -133.79 -133.79 -133.79 -133.79 -133.79 -133.79 -133.78 -133.78 
-125.07 -125.07 -124.91 -124.85 -124.82 -124.81 -124.80 -124.80 -124.80 -124.80 -124.80 -124.80 -124.80 -124.80 -124.80 -124.80 -124.80 -124.80 -124.80 -124.80 -124.80 -124.79 -124.79 -124.79 -124.79 -124.79 -124.79 -124.79 -124.79 -124.79 -124.79 -124.78 -124.78 -124.78 
-116.07 -116.07 -115.91 -115.85 -115.83 -115.81 -115.81 -115.80 -115.80 -115.80 -115.80 -115.80 -115.80 -115.80 -115.80 -115.80 -115.80 -115.80 -115.80 -115.80 -115.80 -115.79 -115.79 -115.79 -115.79 -115.79 -115.79 -115.79 -115.79 -115.78 -115.79 -115.78 -115.78 -115.78 
-107.04 -107.04 -106.89 -106.85 -106.83 -106.81 -106.81 -106.80 -106.81 -106.80 -106.80 -106.81 -106.81 -106.80 -106.81 -106.81 -106.80 -106.81 -106.81 -106.80 -106.81 -106.80 -106.80 -106.80 -106.80 -106.80 -106.80 -106.80 -106.80 -106.80 -106.80 -106.80 -106.80 -106.80 
-98.00 -98.00 -97.88 -97.84 -97.83 -97.81 -97.81 -97.81 -97.81 -97.81 -97.81 -97.81 -97.81 -97.81 -97.81 -97.81 -97.81 -97.82 -97.81 -97.81 -97.82 -97.82 -97.81 -97.82 -97.81 -97.81 -97.81 -97.81 -97.81 -97.81 -97.81 -97.81 -97.81 -97.81 
-89.00 -89.00 -88.88 -88.84 -88.83 -88.81 -88.81 -88.81 -88.81 -88.81 -88.81 -88.81 -88.81 -88.82 -88.82 -88.81 -88.82 -88.82 -88.82 -88.82 -88.82 -88.82 -88.82 -88.82 -88.82 -88.81 -88.82 -88.81 -88.81 -88.81 -88.81 -88.81 -88.81 -88.81 
-80.00 -80.00 -79.88 -79.84 -79.83 -79.82 -79.81 -79.81 -79.81 -79.81 -79.81 -79.81 -79.81 -79.82 -79.82 -79.82 -79.82 -79.82 -79.82 -79.82 -79.82 -79.82 -79.82 -79.82 -79.82 -79.81 -79.81 -79.81 -79.81 -79.81 -79.81 -79.81 -79.81 -79.81 
-71.00 -71.00 -70.88 -70.85 -70.83 -70.82 -70.81 -70.82 -70.81 -70.81 -70.81 -70.81 -70.82 -70.82 -70.82 -70.82 -70.82 -70.82 -70.82 -70.82 -70.82 -70.82 -70.82 -70.82 -70.81 -70.81 -70.81 -70.81 -70.81 -70.81 -70.81 -70.81 -70.81 -70.81 
-62.00 -62.00 -61.88 -61.85 -61.83 -61.82 -61.82 -61.82 -61.81 -61.82 -61.81 -61.82 -61.82 -61.82 -61.82 -61.82 -61.82 -61.82 -61.82 -61.82 -61.82 -61.82 -61.82 -61.82 -61.81 -61.81 -61.81 -61.81 -61.81 -61.81 -61.81 -61.81 -61.81 -61.81 
-52.97 -52.97 -52.88 -52.85 -52.83 -52.82 -52.82 -52.82 -52.82 -52.82 -52.82 -52.82 -52.82 -52.82 -52.83 -52.82 -52.82 -52.83 -52.83 -52.83 -52.83 -52.83 -52.83 -52.83 -52.83 -52.83 -52.82 -52.82 -52.82 -52.82 -52.82 -52.82 -52.82 -52.82 
-43.95 -43.95 -43.87 -43.84 -43.83 -43.82 -43.83 -43.82 -43.83 -43.82 -43.82 -43.83 -43.83 -43.83 -43.83 -43.83 -43.83 -43.83 -43.83 -43.83 -43.84 -43.83 -43.83 -43.84 -43.84 -43.84 -43.84 -43.84 -43.84 -43.84 -43.84 -43.84 -43.84 -43.84 
-34.95 -34.95 -34.87 -34.84 -34.83 -34.83 -34.83 -34.82 -34.83 -34.82 -34.83 -34.83 -34.83 -34.83 -34.83 -34.83 -34.83 -34.83 -34.83 -34.83 -34.84 -34.83 -34.84 -34.84 -34.84 -34.84 -34.84 -34.84 -34.84 -34.84 -34.84 -34.84 -34.84 -34.84 
-25.95 -25.95 -25.87 -25.84 -25.83 -25.83 -25.83 -25.83 -25.82 -25.82 -25.83 -25.83 -25.83 -25.83 -25.83 -25.83 -25.83 -25.83 -25.83 -25.84 -25.84 -25.83 -25.84 -25.84 -25.84 -25.84 -25.84 -25.84 -25.84 -25.84 -25.84 -25.84 -25.84 -25.84 
-16.95 -16.95 -16.87 -16.85 -16.83 -16.83 -16.83 -16.83 -16.82 -16.83 -16.83 -16.83 -16.83 -16.83 -16.83 -16.83 -16.83 -16.83 -16.83 -16.84 -16.84 -16.84 -16.84 -16.84 -16.84 -16.84 -16.84 -16.84 -16.84 -16.84 -16.84 -16.84 -16.84 -16.84 
-7.95 -7.95 -7.87 -7.85 -7.84 -7.83 -7.83 -7.83 -7.83 -7.83 -7.83 -7.83 -7.83 -7.83 -7.83 -7.83 -7.83 -7.84 -7.84 -7.84 -7.84 -7.84 -7.84 -7.84 -7.84 -7.84 -7.84 -7.84 -7.84 -7.84 -7.84 -7.84 -7.84 -7.84 
1.07 1.07 1.13 1.15 1.16 1.16 1.16 1.17 1.17 1.16 1.16 1.16 1.16 1.16 1.16 1.16 1.16 1.16 1.16 1.16 1.16 1.16 1.16 1.15 1.15 1.15 1.15 1.15 1.15 1.15 1.15 1.15 1.15 1.15 
10.09 10.09 10.14 10.15 10.16 10.16 10.16 10.16 10.16 10.16 10.16 10.16 10.16 10.16 10.16 10.16 10.15 10.15 10.15 10.15 10.15 10.15 10.15 10.15 10.15 10.15 10.14 10.14 10.14 10.14 10.14 10.14 10.14 10.14 
19.09 19.09 19.14 19.15 19.16 19.16 19.16 19.16 19.16 19.16 19.16 19.16 19.16 19.16 19.16 19.16 19.15 19.15 19.15 19.15 19.15 19.15 19.15 19.15 19.15 19.14 19.14 19.14 19.14 19.14 19.14 19.14 19.14 19.14 
28.09 28.09 28.14 28.15 28.16 28.16 28.16 28.16 28.16 28.16 28.16 28.16 28.16 28.16 28.16 28.15 28.15 28.15 28.15 28.15 28.15 28.15 28.15 28.15 28.15 28.14 28.14 28.14 28.14 28.14 28.14 28.14 28.14 28.14 
37.09 37.09 37.14 37.15 37.16 37.16 37.16 37.16 37.16 37.16 37.16 37.16 37.16 37.16 37.16 37.15 37.15 37.15 37.15 37.15 37.15 37.15 37.15 37.15 37.14 37.14 37.14 37.14 37.14 37.14 37.14 37.14 37.14 37.14 
46.09 46.09 46.14 46.15 46.15 46.15 46.16 46.15 46.16 46.15 46.15 46.15 46.15 46.15 46.15 46.15 46.15 46.15 46.15 46.15 46.14 46.14 46.14 46.14 46.14 46.14 46.14 46.14 46.14 46.14 46.14 46.14 46.14 46.14 
55.12 55.12 55.14 55.14 55.14 55.14 55.14 55.14 55.14 55.14 55.14 55.14 55.14 55.14 55.14 55.14 55.14 55.14 55.14 55.14 55.13 55.13 55.13 55.13 55.13 55.13 55.12 55.12 55.12 55.12 55.12 55.12 55.12 55.12 
64.13 64.13 64.14 64.14 64.14 64.14 64.14 64.14 64.14 64.14 64.14 64.14 64.13 64.13 64.13 64.13 64.13 64.13 64.13 64.13 64.12 64.12 64.12 64.12 64.12 64.12 64.11 64.11 64.11 64.11 64.11 64.11 64.11 64.11 
73.13 73.13 73.14 73.14 73.14 73.14 73.14 73.14 73.14 73.14 73.14 73.14 73.13 73.13 73.13 73.13 73.13 73.13 73.13 73.12 73.12 73.12 73.12 73.12 73.12 73.12 73.11 73.11 73.11 73.11 73.11 73.11 73.11 73.11 
82.13 82.13 82.14 82.14 82.14 82.14 82.14 82.14 82.14 82.14 82.14 82.14 82.13 82.13 82.13 82.13 82.13 82.13 82.13 82.12 82.12 82.12 82.12 82.12 82.12 82.11 82.11 82.11 82.11 82.11 82.11 82.11 82.11 82.11 
91.13 91.13 91.14 91.14 91.14 91.14 91.14 91.14 91.14 91.14 91.14 91.14 91.13 91.13 91.13 91.13 91.13 91.13 91.12 91.12 91.12 91.12 91.12 91.12 91.11 91.11 91.11 91.11 91.11 91.11 91.11 91.11 91.11 91.11 
100.14 100.14 100.14 100.14 100.14 100.13 100.13 100.13 100.13 100.13 100.13 100.13 100.13 100.12 100.12 100.12 100.12 100.12 100.12 100.12 100.12 100.11 100.11 100.11 100.11 100.11 100.10 100.10 100.10 100.10 100.10 100.10 100.10 100.10 
109.17 109.17 109.14 109.13 109.13 109.12 109.12 109.11 109.11 109.11 109.11 109.11 109.11 109.11 109.11 109.11 109.10 109.10 109.10 109.10 109.10 109.09 109.09 109.09 109.09 109.09 109.08 109.08 109.08 109.08 109.08 109.08 109.08 109.08 
118.18 118.18 118.15 118.13 118.12 118.11 118.11 118.10 118.11 118.10 118.10 118.10 118.10 118.10 118.10 118.10 118.09 118.09 118.09 118.09 118.09 118.09 118.08 118.08 118.08 118.08 118.07 118.07 118.07 118.07 118.07 118.07 118.07 118.07 
127.18 127.18 127.15 127.13 127.12 127.11 127.11 127.11 127.11 127.10 127.10 127.10 127.10 127.10 127.10 127.10 127.09 127.09 127.09 127.09 127.09 127.09 127.08 127.08 127.08 127.07 127.07 127.07 127.07 127.07 127.07 127.07 127.07 127.07 
136.18 136.18 136.15 136.13 136.12 136.11 136.11 136.11 136.11 136.10 136.10 136.10 136.10 136.10 136.10 136.10 136.09 136.09 136.09 136.09 136.09 136.08 136.08 136.08 136.08 136.07 136.07 136.07 136.07 136.07 136.07 136.07 136.07 136.07 
145.18 145.18 145.15 145.13 145.12 145.11 145.11 145.11 145.11 145.10 145.10 145.10 145.10 145.10 145.10 145.09 145.09 145.09 145.09 145.09 145.09 145.08 145.08 145.08 145.07 145.07 145.07 145.07 145.07 145.07 145.07 145.07 145.07 145.07 
154.20 154.20 154.15 154.12 154.11 154.10 154.10 154.09 154.09 154.09 154.09 154.09 154.09 154.08 154.08 154.08 154.08 154.08 154.07 154.07 154.07 154.07 154.07 154.07 154.06 154.06 154.06 154.05 154.05 154.05 154.05 154.05 154.05 154.05 
163.23 163.23 163.15 163.11 163.10 163.08 163.08 163.07 163.07 163.07 163.07 163.07 163.06 163.06 163.06 163.06 163.06 163.06 163.05 163.05 163.05 163.05 163.04 163.04 163.04 163.04 163.03 163.03 163.03 163.03 163.03 163.03 163.03 163.02 
172.24 172.24 172.15 172.11 172.09 172.07 172.07 172.06 172.07 172.06 172.06 172.06 172.05 172.05 172.05 172.05 172.05 172.05 172.04 172.04 172.04 172.04 172.03 172.03 172.03 172.03 172.03 172.02 172.02 172.02 172.02 172.02 172.01 172.01 
181.24 181.24 181.15 181.11 181.09 181.08 181.07 181.07 181.07 181.06 181.06 181.06 181.05 181.05 181.05 181.05 181.05 181.05 181.04 181.04 181.04 181.04 181.03 181.03 181.03 181.02 181.03 181.02 181.02 181.02 181.02 181.02 181.01 181.01 
190.24 190.24 190.15 190.11 190.09 190.08 190.07 190.07 190.07 190.06 190.06 190.06 190.06 190.05 190.05 190.05 190.05 190.05 190.04 190.04 190.04 190.03 190.03 190.03 190.03 190.02 190.02 190.02 190.02 190.02 190.02 190.02 190.02 190.01 
199.24 199.24 199.15 199.11 199.09 199.08 199.07 199.07 199.07 199.06 199.06 199.06 199.06 199.05 199.05 199.05 199.05 199.05 199.04 199.04 199.04 199.03 199.03 199.03 199.02 199.02 199.02 199.02 199.02 199.02 199.02 199.02 199.03 199.03 
208.27 208.27 208.15 208.10 208.08 208.06 208.06 208.05 208.05 208.04 208.04 208.04 208.03 208.03 208.03 208.03 208.02 208.02 208.02 208.02 208.01 208.01 208.01 208.01 208.00 208.00 208.00 208.00 208.00 208.00 207.99 207.99 208.01 
217.29 217.29 217.15 217.09 217.06 217.03 217.03 217.02 217.02 217.01 217.01 217.01 217.01 217.00 217.00 217.00 216.99 216.99 216.99 216.99 216.99 216.98 216.98 216.98 216.98 216.97 216.97 216.97 216.97 216.97 216.96 216.96 216.96 
226.30 226.30 226.15 226.08 226.06 226.03 226.02 226.02 226.01 226.00 226.00 226.00 226.00 226.00 225.99 225.99 225.99 225.99 225.99 225.98 225.98 225.98 225.97 225.97 225.97 225.96 225.96 225.96 225.96 225.96 225.96 225.95 225.95 
235.31 235.31 235.15 235.09 235.06 235.04 235.02 235.02 235.01 235.01 235.00 235.00 235.00 235.00 234.99 234.99 234.99 234.99 234.98 234.98 234.98 234.97 234.97 234.97 234.97 234.96 234.96 234.96 234.95 234.96 234.96 234.95 234.95 
244.30 244.30 244.15 244.09 244.06 244.03 244.02 244.02 244.01 244.01 244.00 244.00 244.00 244.00 243.99 243.99 243.99 243.99 243.98 243.98 243.98 243.97 243.97 243.97 243.96 243.96 243.96 243.96 243.95 243.96 243.95 243.95 243.95 
253.30 253.30 253.15 253.09 253.06 253.03 253.03 253.02 253.02 253.01 253.00 253.00 253.00 252.99 252.99 252.99 252.99 252.98 252.98 252.98 252.98 252.97 252.97 252.97 252.96 252.96 252.96 252.96 252.95 252.96 252.95 252.95 252.95 
262.33 262.33 262.14 262.07 262.04 262.01 262.00 261.99 261.99 261.98 261.97 261.97 261.97 261.96 261.96 261.96 261.95 261.95 261.95 261.95 261.94 261.94 261.94 261.94 261.93 261.93 261.93 261.93 261.92 261.93 261.92 261.92 261.92 
271.36 271.36 271.14 271.05 271.02 270.98 270.97 270.96 270.96 270.95 270.94 270.94 270.94 270.93 270.93 270.93 270.92 270.92 270.92 270.91 270.91 270.91 270.90 270.90 270.90 270.89 270.90 270.90 270.89 270.89 270.89 270.89 270.88 
280.37 280.37 280.14 280.05 280.01 279.98 279.97 279.96 279.95 279.94 279.94 279.94 279.93 279.93 279.93 279.93 279.92 279.92 279.92 279.91 279.91 279.91 279.90 279.90 279.90 279.89 279.89 279.89 279.88 279.89 279.89 279.88 279.88 
289.37 289.37 289.14 289.05 289.01 288.98 288.97 288.96 288.95 288.95 288.94 288.94 288.94 288.93 288.93 288.93 288.92 288.92 288.91 288.91 288.91 288.90 288.90 288.90 288.89 288.89 288.89 288.89 288.88 288.89 288.89 288.88 288.88 
298.37 298.37 298.14 298.05 298.01 297.98 297.97 297.96 297.95 297.95 297.94 297.94 297.94 297.93 297.93 297.92 297.93 297.92 297.91 297.92 297.91 297.90 297.91 297.90 297.89 297.90 297.89 297.89 297.89 297.89 297.89 297.91 297.90 
307.37 307.37 307.13 307.05 307.01 306.98 306.97 306.96 306.95 306.95 306.94 306.94 306.93 306.93 306.92 306.92 306.92 306.91 306.91 306.91 306.90 306.90 306.90 306.89 306.89 306.90 306.89 306.89 306.89 306.88 306.88 306.90 
316.39 316.39 316.13 316.02 315.99 315.95 315.94 315.92 315.92 315.91 315.90 315.90 315.90 315.90 315.89 315.89 315.89 315.88 315.88 315.88 315.87 315.87 315.87 315.86 315.86 315.86 315.85 315.85 315.85 315.85 315.85 315.84 
325.42 325.42 325.12 325.00 324.96 324.92 324.91 324.89 324.89 324.88 324.87 324.87 324.86 324.87 324.86 324.85 324.86 324.85 324.84 324.84 324.84 324.83 324.83 324.83 324.82 324.83 324.82 324.82 324.82 324.82 324.81 324.81 
334.42 334.42 334.12 334.00 333.96 333.93 333.91 333.90 333.89 333.88 333.87 333.87 333.87 333.87 333.86 333.85 333.85 333.85 333.84 333.84 333.84 333.83 333.83 333.83 333.82 333.83 333.82 333.81 333.82 333.82 333.81 333.81 
343.42 343.42 343.12 343.01 342.96 342.92 342.91 342.90 342.89 342.88 342.88 342.87 342.87 342.86 342.86 342.85 342.85 342.85 342.84 342.84 342.84 342.83 342.83 342.83 342.82 342.83 342.82 342.81 342.82 342.82 342.81 342.81 
352.41 352.41 352.11 352.00 351.96 351.92 351.91 351.90 351.89 351.88 351.88 351.87 351.87 351.86 351.86 351.85 351.85 351.85 351.84 351.84 351.83 351.83 351.83 351.82 351.82 351.82 351.82 351.81 351.82 351.82 351.81 351.81 
361.42 361.42 361.11 360.99 360.96 360.91 360.90 360.88 360.88 360.87 360.87 360.86 360.85 360.85 360.84 360.84 360.84 360.83 360.83 360.83 360.82 360.81 360.82 360.81 360.81 360.81 360.81 360.80 360.81 360.80 360.80 360.80 
370.45 370.45 370.10 369.96 369.93 369.88 369.86 369.85 369.84 369.83 369.83 369.82 369.81 369.82 369.81 369.80 369.80 369.80 369.79 369.79 369.79 369.78 369.78 369.78 369.77 369.77 369.77 369.77 369.77 369.77 369.79 369.79 
379.46 379.46 379.09 378.95 378.90 378.86 378.84 378.83 378.82 378.81 378.81 378.79 378.79 378.79 378.78 378.78 378.78 378.77 378.76 378.77 378.76 378.75 378.76 378.75 378.75 378.75 378.75 378.75 378.74 378.74 378.76 
388.46 388.46 388.09 387.95 387.90 387.86 387.84 387.83 387.81 387.81 387.81 387.80 387.79 387.79 387.78 387.77 387.78 387.77 387.76 387.76 387.76 387.76 387.75 387.75 387.76 387.75 387.74 387.75 387.74 387.74 387.73 
397.46 397.46 397.09 396.95 396.90 396.86 396.84 396.82 396.82 396.81 396.81 396.80 396.79 396.79 396.79 396.77 396.77 396.77 396.77 396.76 396.76 396.76 396.75 396.75 396.76 396.75 396.74 396.75 396.74 396.74 396.73 
406.45 406.45 406.09 405.94 405.91 405.86 405.84 405.82 405.82 405.81 405.81 405.80 405.79 405.79 405.79 405.78 405.77 405.77 405.77 405.76 405.76 405.76 405.75 405.75 405.75 405.75 405.74 405.75 405.74 405.74 405.73 
415.47 415.47 415.08 414.91 414.88 414.84 414.81 414.79 414.78 414.77 414.77 414.76 414.75 414.75 414.75 414.75 414.74 414.74 414.74 414.73 414.72 414.73 414.72 414.71 414.72 414.71 414.71 414.71 414.71 414.71 414.70 
424.49 424.49 424.07 423.89 423.84 423.81 423.77 423.75 423.74 423.73 423.73 423.72 423.71 423.71 423.71 423.71 423.70 423.69 423.70 423.69 423.68 423.69 423.68 423.67 423.68 423.67 423.66 423.67 423.67 423.69 423.69 
433.49 433.49 433.06 432.89 432.83 432.80 432.76 432.75 432.73 432.73 432.72 432.72 432.71 432.70 432.70 432.70 432.69 432.69 432.69 432.68 432.67 432.68 432.67 432.66 432.67 432.67 432.66 432.66 432.66 432.68 
442.48 442.48 442.05 441.88 441.83 441.79 441.77 441.76 441.73 441.73 441.72 441.72 441.72 441.70 441.70 441.70 441.69 441.68 441.69 441.68 441.67 441.68 441.67 441.67 441.67 441.66 441.67 441.66 441.66 441.65 
451.47 451.47 451.05 450.88 450.83 450.79 450.77 450.75 450.74 450.72 450.72 450.72 450.71 450.71 450.70 450.70 450.69 450.68 450.69 450.68 450.67 450.67 450.67 450.68 450.67 450.66 450.67 450.66 450.66 450.65 
460.49 460.49 460.03 459.85 459.80 459.77 459.73 459.73 459.71 459.69 459.69 459.68 459.68 459.67 459.66 459.67 459.66 459.65 459.65 459.65 459.65 459.64 459.64 459.65 459.64 459.63 459.64 459.63 459.63 459.62 
469.52 469.52 469.01 468.82 468.75 468.72 468.68 468.68 468.65 468.64 468.64 468.63 468.63 468.62 468.61 468.62 468.61 468.61 468.60 468.60 468.61 468.59 468.59 468.60 468.59 468.58 468.59 468.59 468.61 468.60 
478.53 478.53 478.00 477.81 477.73 477.70 477.67 477.66 477.64 477.63 477.62 477.61 477.61 477.60 477.60 477.60 477.59 477.60 477.58 477.58 477.59 477.58 477.57 477.58 477.57 477.57 477.57 477.56 477.58 
487.52 487.52 486.99 486.80 486.73 486.70 486.67 486.65 486.64 486.63 486.62 486.61 486.61 486.61 486.60 486.60 486.59 486.60 486.58 486.58 486.58 486.58 486.57 486.57 486.57 486.58 486.57 486.56 486.56 
496.51 496.51 495.99 495.81 495.73 495.70 495.67 495.66 495.64 495.64 495.62 495.61 495.61 495.61 495.60 495.60 495.59 495.59 495.59 495.57 495.58 495.58 495.58 495.57 495.57 495.58 495.57 495.56 495.56 
505.53 505.53 504.96 504.78 504.67 504.65 504.61 504.61 504.58 504.58 504.57 504.56 504.56 504.55 504.56 504.54 504.53 504.54 504.53 504.53 504.53 504.52 504.53 504.52 504.51 504.53 504.52 504.54 504.53 
514.55 514.55 513.93 513.74 513.62 513.59 513.55 513.54 513.52 513.52 513.50 513.49 513.49 513.49 513.49 513.48 513.47 513.48 513.47 513.47 513.47 513.46 513.47 513.46 513.45 513.46 513.45 513.47 
523.53 523.53 522.91 522.72 522.61 522.58 522.55 522.53 522.52 522.51 522.50 522.49 522.48 522.48 522.48 522.47 522.46 522.47 522.46 522.47 522.46 522.45 522.46 522.45 522.45 522.45 522.45 522.44 
532.52 532.52 531.91 531.71 531.61 531.58 531.54 531.53 531.51 531.51 531.50 531.50 531.49 531.48 531.48 531.48 531.47 531.47 531.46 531.47 531.46 531.45 531.46 531.45 531.46 531.45 531.45 531.44 
541.53 541.53 540.89 540.69 540.57 540.54 540.50 540.49 540.47 540.47 540.45 540.46 540.44 540.43 540.44 540.43 540.44 540.42 540.41 540.42 540.42 540.42 540.41 540.41 540.42 540.41 540.43 540.42 
550.55 550.55 549.84 549.63 549.50 549.47 549.43 549.41 549.39 549.39 549.38 549.38 549.37 549.36 549.36 549.35 549.36 549.35 549.34 549.35 549.34 549.35 549.34 549.33 549.34 549.33 549.35 
559.55 559.55 558.81 558.60 558.48 558.44 558.40 558.38 558.37 558.36 558.35 558.35 558.34 558.34 558.33 558.32 558.33 558.32 558.32 558.32 558.31 558.32 558.31 558.31 558.31 558.31 558.29 
568.53 568.53 567.81 567.60 567.47 567.44 567.40 567.38 567.36 567.36 567.35 567.35 567.34 567.34 567.33 567.32 567.33 567.32 567.33 567.32 567.31 567.32 567.31 567.32 567.31 567.33 567.32 
577.55 577.55 576.77 576.55 576.41 576.38 576.35 576.32 576.30 576.29 576.28 576.28 576.27 576.28 576.27 576.26 576.26 576.25 576.26 576.25 576.26 576.25 576.24 576.26 576.24 576.26 
586.57 586.57 585.72 585.48 585.34 585.29 585.27 585.23 585.23 585.21 585.20 585.19 585.19 585.19 585.18 585.19 585.18 585.17 585.18 585.17 585.18 585.17 585.17 585.17 585.16 585.15 
595.55 595.55 594.70 594.46 594.33 594.27 594.25 594.22 594.21 594.19 594.19 594.18 594.17 594.17 594.16 594.17 594.16 594.16 594.16 594.15 594.16 594.15 594.16 594.15 594.17 594.16 
604.55 604.55 603.67 603.43 603.31 603.24 603.22 603.18 603.18 603.16 603.16 603.15 603.14 603.14 603.12 603.13 603.12 603.14 603.12 603.12 603.12 603.11 603.13 603.11 603.12 
613.57 613.57 612.61 612.36 612.23 612.14 612.13 612.09 612.09 612.06 612.07 612.05 612.06 612.04 612.04 612.04 612.03 612.04 612.03 612.04 612.03 612.03 612.03 612.05 612.03 
622.57 622.57 621.57 621.30 621.18 621.09 621.07 621.03 621.02 621.01 621.01 620.99 621.00 620.99 620.99 620.98 620.98 620.98 620.97 620.98 620.97 620.99 620.96 620.98 
631.56 631.56 630.54 630.27 630.15 630.06 630.04 630.00 630.00 629.98 629.98 629.96 629.97 629.95 629.97 629.95 629.96 629.95 629.95 629.95 629.94 629.95 629.96 629.95 
640.57 640.57 639.47 639.18 639.07 638.97 638.94 638.91 638.90 638.89 638.88 638.87 638.87 638.86 638.86 638.85 638.86 638.85 638.87 638.85 638.86 638.84 638.85 
649.56 649.56 648.42 648.11 647.99 647.91 647.87 647.86 647.83 647.83 647.81 647.81 647.80 647.80 647.79 647.79 647.79 647.78 647.79 647.78 647.79 647.80 647.78 
658.55 658.55 657.37 657.06 656.95 656.87 656.82 656.81 656.78 656.78 656.76 656.77 656.75 656.76 656.74 656.76 656.74 656.75 656.74 656.75 656.73 656.74 
667.56 667.56 666.30 665.96 665.85 665.79 665.72 665.72 665.68 665.68 665.66 665.67 665.65 665.66 665.64 665.66 665.64 665.65 665.64 665.65 665.66 665.64 
676.53 676.53 675.24 674.91 674.79 674.74 674.68 674.66 674.64 674.63 674.62 674.61 674.61 674.60 674.61 674.60 674.60 674.59 674.60 674.59 674.59 
685.53 685.53 684.19 683.83 683.71 683.66 683.60 683.58 683.57 683.54 683.55 683.53 683.54 683.51 683.53 683.51 683.52 683.51 683.52 683.53 683.51 
694.77 694.77 693.18 692.77 692.63 692.57 692.52 692.48 692.48 692.45 692.45 692.43 692.44 692.43 692.42 692.43 692.42 692.43 692.43 692.44 
704.13 704.13 702.19 701.73 701.58 701.52 701.48 701.43 701.42 701.40 701.39 701.39 701.37 701.38 701.37 701.37 701.37 701.36 701.36 
713.46 713.46 711.19 710.68 710.49 710.43 710.40 710.34 710.32 710.32 710.29 710.30 710.28 710.27 710.28 710.27 710.28 710.28 710.26 
721.49 721.49 719.14 718.65 718.45 718.35 718.32 718.29 718.25 718.25 718.23 718.21 718.23 718.21 718.21 718.21 718.21 718.22 
729.61 729.61 727.07 726.58 726.40 726.28 726.22 726.20 726.17 726.14 726.14 726.12 726.11 726.12 726.11 726.11 726.11 
737.66 737.66 734.98 734.49 734.31 734.22 734.14 734.09 734.08 734.05 734.03 734.03 734.02 734.02 734.02 734.02 
745.87 745.87 742.90 742.41 742.21 742.12 742.06 742.00 741.96 741.95 741.94 741.92 741.91 741.91 741.91 
753.13 753.13 749.86 749.34 749.11 748.99 748.92 748.88 748.84 748.82 748.80 748.79 748.79 748.78 
760.43 760.43 756.87 756.27 756.04 755.91 755.82 755.76 755.72 755.70 755.69 755.67 755.67 
766.75 766.75 762.87 762.18 761.93 761.78 761.69 761.63 761.58 761.55 761.53 761.53 
773.28 773.28 768.90 768.17 767.85 767.69 767.59 767.54 767.48 767.47 767.47 
779.95 779.95 774.95 774.16 773.78 773.58 773.46 773.39 773.39 
784.66 784.66 779.21 778.26 777.83 777.61 777.53 777.50 
788.77 788.77 782.54 781.51 781.24 780.98 780.92 
791.94 791.94 786.09 784.60 784.27 
799.48 799.48 796.80 796.00 
800.65 800.65 
