1146.0 838.0 1189.0 
1125.0 859.0 904.0 1127.0 1269.0 1329.0 
1125.0 700 700 1271.0 1341.0 1382.0 1382.0 1382.0 1382.0 
1114.0 700 700 1320.0 1331.0 1371.0 1371.0 1382.0 1382.0 1382.0 
1104.0 700 700 1309.0 1320.0 1361.0 1361.0 1371.0 1371.0 1371.0 1371.0 1371.0 1371.0 
1104.0 700 700 1269.0 1309.0 1350.0 1350.0 1361.0 1361.0 1361.0 1361.0 1361.0 1371.0 1371.0 1371.0 
1136.0 700 1157.0 1329.0 1309.0 1339.0 1350.0 1350.0 1350.0 1361.0 1361.0 1361.0 1361.0 1361.0 1361.0 
1125.0 700 1146.0 1318.0 1299.0 1329.0 1339.0 1339.0 1350.0 1350.0 1350.0 1350.0 1350.0 1350.0 1350.0 1350.0 1350.0 
1157.0 700 1236.0 1307.0 1288.0 1318.0 1329.0 1329.0 1339.0 1339.0 1339.0 1339.0 1350.0 1350.0 1350.0 1350.0 1350.0 1350.0 
1146.0 700 1215.0 1296.0 1307.0 1277.0 1318.0 1318.0 1329.0 1329.0 1329.0 1339.0 1339.0 1339.0 1339.0 1339.0 1339.0 1339.0 1339.0 
1125.0 700 1174.0 1286.0 1296.0 1277.0 1307.0 1318.0 1318.0 1318.0 1329.0 1329.0 1329.0 1329.0 1339.0 1339.0 1339.0 1339.0 1339.0 1339.0 1339.0 
1104.0 700 1164.0 1245.0 1286.0 1266.0 1296.0 1307.0 1307.0 1318.0 1318.0 1318.0 1318.0 1329.0 1329.0 1329.0 1329.0 1329.0 1329.0 1329.0 1329.0 1329.0 
1146.0 780.0 1224.0 1234.0 1275.0 1256.0 1286.0 1296.0 1296.0 1307.0 1307.0 1318.0 1318.0 1318.0 1318.0 1318.0 1318.0 1329.0 1329.0 1329.0 1329.0 1329.0 
1125.0 759.0 1172.0 1224.0 1264.0 1275.0 1256.0 1286.0 1296.0 1296.0 1296.0 1307.0 1307.0 1307.0 1307.0 1318.0 1318.0 1318.0 1318.0 1318.0 1318.0 1318.0 1318.0 
1104.0 718.0 1161.0 1213.0 1254.0 1264.0 1245.0 1275.0 1286.0 1286.0 1296.0 1296.0 1296.0 1307.0 1307.0 1307.0 1307.0 1307.0 1307.0 1307.0 1318.0 1318.0 1318.0 1318.0 
1093.0 700 1121.0 1202.0 1243.0 1254.0 1264.0 1234.0 1275.0 1275.0 1286.0 1286.0 1296.0 1296.0 1296.0 1296.0 1307.0 1307.0 1307.0 1307.0 1307.0 1307.0 1307.0 1307.0 1307.0 
1071.0 700 1110.0 1191.0 1232.0 1243.0 1254.0 1224.0 1264.0 1275.0 1275.0 1275.0 1286.0 1286.0 1286.0 1296.0 1296.0 1296.0 1296.0 1296.0 1296.0 1296.0 1296.0 1307.0 1307.0 1307.0 
1050.0 700 1089.0 1181.0 1191.0 1232.0 1243.0 1254.0 1224.0 1264.0 1264.0 1275.0 1275.0 1275.0 1286.0 1286.0 1286.0 1286.0 1296.0 1296.0 1296.0 1296.0 1296.0 1296.0 1296.0 1296.0 1296.0 
1029.0 700 1048.0 1170.0 1181.0 1221.0 1232.0 1243.0 1213.0 1254.0 1254.0 1264.0 1264.0 1275.0 1275.0 1275.0 1286.0 1286.0 1286.0 1286.0 1286.0 1286.0 1286.0 1286.0 1296.0 1296.0 1296.0 1296.0 
1018.0 700 1037.0 1149.0 1170.0 1211.0 1221.0 1232.0 1213.0 1243.0 1254.0 1254.0 1264.0 1264.0 1264.0 1275.0 1275.0 1275.0 1275.0 1286.0 1286.0 1286.0 1286.0 1286.0 1286.0 1286.0 1286.0 1286.0 1286.0 
996.0 700 986.0 1138.0 1159.0 1200.0 1211.0 1221.0 1232.0 1202.0 1243.0 1243.0 1254.0 1254.0 1264.0 1264.0 1264.0 1275.0 1275.0 1275.0 1275.0 1275.0 1275.0 1275.0 1286.0 1286.0 1286.0 1286.0 1286.0 
986.0 700 975.0 1127.0 1149.0 1159.0 1200.0 1211.0 1221.0 1202.0 1232.0 1243.0 1243.0 1254.0 1254.0 1254.0 1264.0 1264.0 1264.0 1264.0 1275.0 1275.0 1275.0 1275.0 1275.0 1275.0 1275.0 1275.0 1275.0 1275.0 
1168.0 700 1018.0 1086.0 1138.0 1149.0 1200.0 1200.0 1211.0 1221.0 1202.0 1232.0 1243.0 1243.0 1243.0 1254.0 1254.0 1254.0 1264.0 1264.0 1264.0 1264.0 1264.0 1264.0 1275.0 1275.0 1275.0 1275.0 1275.0 1275.0 1275.0 
1157.0 700 977.0 1076.0 1127.0 1149.0 1189.0 1200.0 1200.0 1211.0 1191.0 1221.0 1232.0 1232.0 1243.0 1243.0 1254.0 1254.0 1254.0 1254.0 1264.0 1264.0 1264.0 1264.0 1264.0 1264.0 1264.0 1264.0 1264.0 1264.0 1264.0 
1146.0 700 966.0 1065.0 1116.0 1138.0 1179.0 1189.0 1200.0 1200.0 1181.0 1221.0 1221.0 1232.0 1232.0 1243.0 1243.0 1243.0 1254.0 1254.0 1254.0 1254.0 1254.0 1264.0 1264.0 1264.0 1264.0 1264.0 1264.0 1264.0 1264.0 1264.0 
1136.0 700 956.0 1054.0 1106.0 1157.0 1138.0 1179.0 1189.0 1200.0 1200.0 1181.0 1221.0 1221.0 1232.0 1232.0 1232.0 1243.0 1243.0 1243.0 1254.0 1254.0 1254.0 1254.0 1254.0 1254.0 1254.0 1254.0 1264.0 1264.0 1264.0 1264.0 
900.0 700 851.0 1044.0 1095.0 1146.0 1127.0 1168.0 1179.0 1189.0 1200.0 1170.0 1211.0 1221.0 1221.0 1221.0 1232.0 1232.0 1243.0 1243.0 1243.0 1243.0 1243.0 1254.0 1254.0 1254.0 1254.0 1254.0 1254.0 1254.0 1254.0 1254.0 1254.0 
889.0 700 829.0 1003.0 1084.0 1106.0 1127.0 1168.0 1179.0 1179.0 1189.0 1170.0 1200.0 1211.0 1211.0 1221.0 1221.0 1232.0 1232.0 1232.0 1243.0 1243.0 1243.0 1243.0 1243.0 1243.0 1254.0 1254.0 1254.0 1254.0 1254.0 1254.0 1254.0 
868.0 700 759.0 992.0 1084.0 1095.0 1116.0 1157.0 1168.0 1179.0 1179.0 1159.0 1200.0 1200.0 1211.0 1211.0 1221.0 1221.0 1221.0 1232.0 1232.0 1232.0 1243.0 1243.0 1243.0 1243.0 1243.0 1243.0 1243.0 1243.0 1243.0 1243.0 1243.0 1243.0 
857.0 700 748.0 981.0 1074.0 1084.0 1106.0 1146.0 1157.0 1168.0 1179.0 1189.0 1159.0 1200.0 1200.0 1211.0 1211.0 1221.0 1221.0 1221.0 1232.0 1232.0 1232.0 1232.0 1232.0 1243.0 1243.0 1243.0 1243.0 1243.0 1243.0 1243.0 1243.0 1243.0 
846.0 700 707.0 971.0 1063.0 1084.0 1125.0 1106.0 1146.0 1157.0 1168.0 1179.0 1189.0 1159.0 1200.0 1200.0 1211.0 1211.0 1211.0 1221.0 1221.0 1221.0 1232.0 1232.0 1232.0 1232.0 1232.0 1232.0 1243.0 1243.0 1243.0 1243.0 1243.0 1243.0 1243.0 
836.0 700 700 960.0 1052.0 1074.0 1114.0 1106.0 1146.0 1157.0 1168.0 1168.0 1179.0 1159.0 1189.0 1200.0 1200.0 1211.0 1211.0 1211.0 1221.0 1221.0 1221.0 1221.0 1232.0 1232.0 1232.0 1232.0 1232.0 1232.0 1232.0 1232.0 1232.0 1232.0 1232.0 
814.0 700 700 949.0 1041.0 1063.0 1084.0 1095.0 1136.0 1146.0 1157.0 1168.0 1168.0 1149.0 1189.0 1189.0 1200.0 1200.0 1211.0 1211.0 1211.0 1221.0 1221.0 1221.0 1221.0 1221.0 1232.0 1232.0 1232.0 1232.0 1232.0 1232.0 1232.0 1232.0 1232.0 
804.0 700 700 939.0 1001.0 1052.0 1074.0 1114.0 1095.0 1146.0 1146.0 1157.0 1168.0 1179.0 1149.0 1189.0 1189.0 1200.0 1200.0 1200.0 1211.0 1211.0 1211.0 1221.0 1221.0 1221.0 1221.0 1221.0 1221.0 1232.0 1232.0 1232.0 1232.0 1232.0 1232.0 1232.0 
793.0 700 700 928.0 990.0 1052.0 1063.0 1114.0 1095.0 1136.0 1146.0 1157.0 1157.0 1168.0 1149.0 1179.0 1189.0 1189.0 1200.0 1200.0 1200.0 1211.0 1211.0 1211.0 1211.0 1221.0 1221.0 1221.0 1221.0 1221.0 1221.0 1221.0 1221.0 1221.0 1221.0 1221.0 
782.0 700 700 917.0 979.0 1041.0 1063.0 1104.0 1084.0 1125.0 1136.0 1146.0 1157.0 1157.0 1138.0 1179.0 1179.0 1189.0 1189.0 1189.0 1200.0 1200.0 1200.0 1211.0 1211.0 1211.0 1211.0 1221.0 1221.0 1221.0 1221.0 1221.0 1221.0 1221.0 1221.0 1221.0 1221.0 
771.0 700 700 876.0 979.0 1031.0 1052.0 1093.0 1084.0 1125.0 1136.0 1136.0 1146.0 1157.0 1138.0 1168.0 1179.0 1179.0 1189.0 1189.0 1189.0 1200.0 1200.0 1200.0 1211.0 1211.0 1211.0 1211.0 1211.0 1211.0 1221.0 1221.0 1221.0 1221.0 1221.0 1221.0 1221.0 
761.0 700 700 866.0 969.0 1031.0 1041.0 1093.0 1074.0 1114.0 1125.0 1136.0 1146.0 1146.0 1157.0 1138.0 1168.0 1179.0 1179.0 1189.0 1189.0 1189.0 1200.0 1200.0 1200.0 1200.0 1211.0 1211.0 1211.0 1211.0 1211.0 1211.0 1211.0 1211.0 1211.0 1211.0 1211.0 
750.0 700 700 825.0 958.0 1020.0 1041.0 1082.0 1093.0 1074.0 1114.0 1125.0 1136.0 1146.0 1146.0 1127.0 1168.0 1168.0 1179.0 1179.0 1179.0 1189.0 1189.0 1200.0 1200.0 1200.0 1200.0 1200.0 1211.0 1211.0 1211.0 1211.0 1211.0 1211.0 1211.0 1211.0 1211.0 1211.0 
739.0 700 700 844.0 917.0 1009.0 1061.0 1052.0 1093.0 1074.0 1114.0 1125.0 1136.0 1136.0 1146.0 1127.0 1157.0 1168.0 1168.0 1179.0 1179.0 1179.0 1189.0 1189.0 1189.0 1200.0 1200.0 1200.0 1200.0 1200.0 1211.0 1211.0 1211.0 1211.0 1211.0 1211.0 1211.0 1211.0 
729.0 700 700 814.0 936.0 999.0 1020.0 1041.0 1082.0 1063.0 1104.0 1114.0 1125.0 1136.0 1136.0 1116.0 1157.0 1157.0 1168.0 1168.0 1179.0 1179.0 1179.0 1189.0 1189.0 1189.0 1189.0 1200.0 1200.0 1200.0 1200.0 1200.0 1200.0 1200.0 1200.0 1211.0 1211.0 1211.0 
718.0 700 700 804.0 936.0 999.0 1020.0 1031.0 1082.0 1063.0 1104.0 1114.0 1125.0 1125.0 1136.0 1116.0 1146.0 1157.0 1157.0 1168.0 1168.0 1179.0 1179.0 1179.0 1189.0 1189.0 1189.0 1189.0 1189.0 1200.0 1200.0 1200.0 1200.0 1200.0 1200.0 1200.0 1200.0 1200.0 
707.0 700 700 793.0 896.0 988.0 1009.0 1031.0 1071.0 1052.0 1093.0 1104.0 1114.0 1125.0 1136.0 1136.0 1116.0 1146.0 1157.0 1157.0 1168.0 1168.0 1179.0 1179.0 1179.0 1179.0 1189.0 1189.0 1189.0 1189.0 1189.0 1200.0 1200.0 1200.0 1200.0 1200.0 1200.0 1200.0 1200.0 
700 700 700 752.0 885.0 977.0 999.0 1020.0 1061.0 1052.0 1093.0 1104.0 1104.0 1114.0 1125.0 1136.0 1106.0 1146.0 1146.0 1157.0 1157.0 1168.0 1168.0 1179.0 1179.0 1179.0 1179.0 1189.0 1189.0 1189.0 1189.0 1189.0 1189.0 1189.0 1200.0 1200.0 1200.0 1200.0 1200.0 
700 700 700 741.0 874.0 966.0 999.0 1009.0 1061.0 1041.0 1082.0 1093.0 1104.0 1114.0 1125.0 1125.0 1106.0 1136.0 1146.0 1146.0 1157.0 1157.0 1168.0 1168.0 1168.0 1179.0 1179.0 1179.0 1179.0 1189.0 1189.0 1189.0 1189.0 1189.0 1189.0 1189.0 1189.0 1189.0 1189.0 
700 700 700 731.0 874.0 936.0 988.0 1009.0 1050.0 1061.0 1052.0 1093.0 1093.0 1104.0 1114.0 1125.0 1095.0 1136.0 1136.0 1146.0 1157.0 1157.0 1157.0 1168.0 1168.0 1168.0 1179.0 1179.0 1179.0 1179.0 1179.0 1189.0 1189.0 1189.0 1189.0 1189.0 1189.0 1189.0 1189.0 
700 700 700 720.0 864.0 956.0 977.0 999.0 1050.0 1061.0 1041.0 1082.0 1093.0 1104.0 1114.0 1114.0 1095.0 1136.0 1136.0 1146.0 1146.0 1157.0 1157.0 1157.0 1168.0 1168.0 1168.0 1168.0 1179.0 1179.0 1179.0 1179.0 1179.0 1179.0 1189.0 1189.0 1189.0 1189.0 1189.0 1189.0 
700 700 700 720.0 853.0 945.0 977.0 999.0 1039.0 1050.0 1041.0 1082.0 1082.0 1093.0 1104.0 1114.0 1084.0 1125.0 1136.0 1136.0 1146.0 1146.0 1146.0 1157.0 1157.0 1168.0 1168.0 1168.0 1168.0 1179.0 1179.0 1179.0 1179.0 1179.0 1179.0 1179.0 1179.0 1179.0 1179.0 1179.0 
700 700 700 700 853.0 945.0 966.0 988.0 1009.0 1050.0 1031.0 1071.0 1082.0 1093.0 1104.0 1104.0 1114.0 1095.0 1125.0 1136.0 1136.0 1146.0 1146.0 1146.0 1157.0 1157.0 1157.0 1168.0 1168.0 1168.0 1168.0 1179.0 1179.0 1179.0 1179.0 1179.0 1179.0 1179.0 1179.0 1179.0 
700 700 700 700 842.0 904.0 966.0 977.0 999.0 1039.0 1031.0 1071.0 1071.0 1082.0 1093.0 1104.0 1114.0 1084.0 1125.0 1125.0 1136.0 1136.0 1146.0 1146.0 1146.0 1157.0 1157.0 1157.0 1168.0 1168.0 1168.0 1168.0 1168.0 1179.0 1179.0 1179.0 1179.0 1179.0 1179.0 1179.0 
700 700 700 700 831.0 894.0 956.0 977.0 999.0 1039.0 1020.0 1061.0 1071.0 1082.0 1093.0 1093.0 1104.0 1084.0 1114.0 1125.0 1125.0 1136.0 1136.0 1146.0 1146.0 1146.0 1157.0 1157.0 1157.0 1157.0 1168.0 1168.0 1168.0 1168.0 1168.0 1168.0 1168.0 1179.0 1179.0 1179.0 1179.0 
700 700 700 700 831.0 894.0 945.0 966.0 988.0 1029.0 1009.0 1061.0 1071.0 1071.0 1082.0 1093.0 1104.0 1074.0 1114.0 1114.0 1125.0 1125.0 1136.0 1136.0 1146.0 1146.0 1146.0 1157.0 1157.0 1157.0 1157.0 1168.0 1168.0 1168.0 1168.0 1168.0 1168.0 1168.0 1168.0 1168.0 1168.0 
700 700 700 700 821.0 913.0 945.0 966.0 977.0 1029.0 1009.0 1050.0 1061.0 1071.0 1082.0 1093.0 1093.0 1074.0 1114.0 1114.0 1125.0 1125.0 1136.0 1136.0 1136.0 1146.0 1146.0 1146.0 1157.0 1157.0 1157.0 1157.0 1157.0 1168.0 1168.0 1168.0 1168.0 1168.0 1168.0 1168.0 1168.0 
700 700 700 700 810.0 872.0 934.0 956.0 977.0 1018.0 999.0 1050.0 1061.0 1061.0 1071.0 1082.0 1093.0 1063.0 1104.0 1114.0 1114.0 1125.0 1125.0 1136.0 1136.0 1136.0 1146.0 1146.0 1146.0 1146.0 1157.0 1157.0 1157.0 1157.0 1157.0 1157.0 1168.0 1168.0 1168.0 1168.0 1168.0 
700 700 700 700 799.0 872.0 934.0 956.0 966.0 1018.0 1029.0 1009.0 1050.0 1061.0 1071.0 1082.0 1082.0 1063.0 1104.0 1104.0 1114.0 1114.0 1125.0 1125.0 1136.0 1136.0 1136.0 1146.0 1146.0 1146.0 1146.0 1157.0 1157.0 1157.0 1157.0 1157.0 1157.0 1157.0 1157.0 1157.0 1157.0 
700 700 700 700 799.0 861.0 924.0 945.0 966.0 1007.0 1018.0 1009.0 1050.0 1061.0 1061.0 1071.0 1082.0 1093.0 1063.0 1104.0 1104.0 1114.0 1114.0 1125.0 1125.0 1136.0 1136.0 1136.0 1136.0 1146.0 1146.0 1146.0 1146.0 1157.0 1157.0 1157.0 1157.0 1157.0 1157.0 1157.0 1157.0 1157.0 
700 700 700 700 789.0 861.0 924.0 934.0 956.0 1007.0 1018.0 999.0 1039.0 1050.0 1061.0 1071.0 1071.0 1082.0 1063.0 1093.0 1104.0 1104.0 1114.0 1114.0 1125.0 1125.0 1136.0 1136.0 1136.0 1136.0 1146.0 1146.0 1146.0 1146.0 1146.0 1146.0 1157.0 1157.0 1157.0 1157.0 1157.0 1157.0 
700 700 700 700 778.0 851.0 913.0 934.0 956.0 996.0 1007.0 999.0 1039.0 1050.0 1061.0 1061.0 1071.0 1082.0 1052.0 1093.0 1093.0 1104.0 1114.0 1114.0 1114.0 1125.0 1125.0 1125.0 1136.0 1136.0 1136.0 1136.0 1146.0 1146.0 1146.0 1146.0 1146.0 1146.0 1146.0 1146.0 1146.0 1146.0 
700 700 700 700 778.0 840.0 872.0 924.0 945.0 996.0 1007.0 988.0 1029.0 1039.0 1050.0 1061.0 1071.0 1071.0 1052.0 1093.0 1093.0 1104.0 1104.0 1114.0 1114.0 1114.0 1125.0 1125.0 1125.0 1136.0 1136.0 1136.0 1136.0 1146.0 1146.0 1146.0 1146.0 1146.0 1146.0 1146.0 1146.0 1146.0 
700 700 700 700 767.0 840.0 872.0 954.0 945.0 986.0 1007.0 988.0 1029.0 1039.0 1050.0 1050.0 1061.0 1071.0 1052.0 1082.0 1093.0 1093.0 1104.0 1104.0 1114.0 1114.0 1114.0 1125.0 1125.0 1125.0 1136.0 1136.0 1136.0 1136.0 1136.0 1146.0 1146.0 1146.0 1146.0 1146.0 1146.0 1146.0 
700 700 700 700 767.0 829.0 861.0 943.0 934.0 956.0 996.0 977.0 1018.0 1029.0 1039.0 1050.0 1061.0 1061.0 1041.0 1082.0 1082.0 1093.0 1093.0 1104.0 1104.0 1114.0 1114.0 1114.0 1125.0 1125.0 1125.0 1125.0 1136.0 1136.0 1136.0 1136.0 1136.0 1136.0 1136.0 1146.0 1146.0 1146.0 
700 700 700 700 756.0 829.0 891.0 913.0 934.0 945.0 996.0 977.0 1018.0 1029.0 1039.0 1050.0 1050.0 1061.0 1041.0 1071.0 1082.0 1082.0 1093.0 1093.0 1104.0 1104.0 1114.0 1114.0 1114.0 1125.0 1125.0 1125.0 1125.0 1136.0 1136.0 1136.0 1136.0 1136.0 1136.0 1136.0 1136.0 1136.0 1136.0 
700 700 700 700 746.0 789.0 881.0 902.0 924.0 945.0 986.0 966.0 1007.0 1018.0 1029.0 1039.0 1050.0 1061.0 1031.0 1071.0 1082.0 1082.0 1093.0 1093.0 1093.0 1104.0 1104.0 1114.0 1114.0 1114.0 1125.0 1125.0 1125.0 1125.0 1125.0 1136.0 1136.0 1136.0 1136.0 1136.0 1136.0 1136.0 1136.0 
700 700 700 700 746.0 778.0 881.0 902.0 924.0 934.0 986.0 966.0 1007.0 1018.0 1029.0 1039.0 1050.0 1050.0 1031.0 1071.0 1071.0 1082.0 1082.0 1093.0 1093.0 1104.0 1104.0 1104.0 1114.0 1114.0 1114.0 1114.0 1125.0 1125.0 1125.0 1125.0 1125.0 1125.0 1136.0 1136.0 1136.0 1136.0 1136.0 
761.0 700 700 700 735.0 808.0 840.0 891.0 913.0 934.0 975.0 956.0 1007.0 1018.0 1018.0 1029.0 1039.0 1050.0 1061.0 1031.0 1071.0 1071.0 1082.0 1082.0 1093.0 1093.0 1104.0 1104.0 1104.0 1114.0 1114.0 1114.0 1114.0 1125.0 1125.0 1125.0 1125.0 1125.0 1125.0 1125.0 1125.0 1125.0 1125.0 
761.0 700 700 700 724.0 797.0 840.0 891.0 913.0 924.0 975.0 956.0 996.0 1007.0 1018.0 1029.0 1039.0 1039.0 1050.0 1031.0 1061.0 1071.0 1071.0 1082.0 1082.0 1093.0 1093.0 1104.0 1104.0 1104.0 1114.0 1114.0 1114.0 1114.0 1114.0 1125.0 1125.0 1125.0 1125.0 1125.0 1125.0 1125.0 1125.0 
700 700 700 700 700 797.0 829.0 881.0 902.0 924.0 964.0 956.0 996.0 1007.0 1018.0 1029.0 1029.0 1039.0 1050.0 1020.0 1061.0 1071.0 1071.0 1082.0 1082.0 1082.0 1093.0 1093.0 1104.0 1104.0 1104.0 1104.0 1114.0 1114.0 1114.0 1114.0 1114.0 1114.0 1125.0 1125.0 1125.0 1125.0 1125.0 
700 700 700 700 714.0 756.0 819.0 881.0 902.0 913.0 964.0 975.0 956.0 996.0 1007.0 1018.0 1029.0 1039.0 1039.0 1020.0 1061.0 1061.0 1071.0 1071.0 1082.0 1082.0 1093.0 1093.0 1093.0 1093.0 1104.0 1104.0 1104.0 1114.0 1114.0 1114.0 1114.0 1114.0 1114.0 1114.0 1114.0 1114.0 1114.0 
700 700 700 700 714.0 756.0 819.0 870.0 891.0 913.0 954.0 975.0 956.0 996.0 1007.0 1018.0 1018.0 1029.0 1039.0 1020.0 1050.0 1061.0 1061.0 1071.0 1071.0 1082.0 1082.0 1082.0 1093.0 1093.0 1093.0 1104.0 1104.0 1104.0 1104.0 1114.0 1114.0 1114.0 1114.0 1114.0 1114.0 1114.0 1114.0 
700 700 700 700 700 746.0 808.0 870.0 891.0 913.0 954.0 964.0 945.0 986.0 996.0 1007.0 1018.0 1029.0 1039.0 1009.0 1050.0 1050.0 1061.0 1061.0 1071.0 1071.0 1082.0 1082.0 1082.0 1093.0 1093.0 1093.0 1104.0 1104.0 1104.0 1104.0 1104.0 1104.0 1114.0 1114.0 1114.0 1114.0 1114.0 
700 700 700 700 700 746.0 808.0 859.0 881.0 902.0 954.0 964.0 945.0 986.0 996.0 1007.0 1018.0 1018.0 1029.0 1009.0 1039.0 1050.0 1061.0 1061.0 1061.0 1071.0 1071.0 1082.0 1082.0 1082.0 1093.0 1093.0 1093.0 1093.0 1104.0 1104.0 1104.0 1104.0 1104.0 1104.0 1104.0 1104.0 1104.0 
700 700 700 700 700 735.0 797.0 859.0 881.0 902.0 943.0 954.0 945.0 986.0 996.0 1007.0 1007.0 1018.0 1029.0 1029.0 1039.0 1020.0 1050.0 1061.0 1061.0 1071.0 1071.0 1071.0 1082.0 1082.0 1082.0 1093.0 1093.0 1093.0 1093.0 1104.0 1104.0 1104.0 1104.0 1104.0 1104.0 1104.0 1104.0 
700 700 700 700 700 735.0 827.0 859.0 870.0 891.0 943.0 954.0 934.0 975.0 986.0 996.0 1007.0 1018.0 1018.0 1029.0 1039.0 1009.0 1050.0 1050.0 1061.0 1061.0 1071.0 1071.0 1071.0 1082.0 1082.0 1082.0 1093.0 1093.0 1093.0 1093.0 1093.0 1093.0 1104.0 1104.0 1104.0 1104.0 1104.0 
700 700 700 700 700 724.0 797.0 849.0 870.0 891.0 932.0 954.0 934.0 975.0 986.0 996.0 996.0 1007.0 1018.0 1029.0 1029.0 1009.0 1039.0 1050.0 1050.0 1061.0 1061.0 1071.0 1071.0 1071.0 1082.0 1082.0 1082.0 1082.0 1093.0 1093.0 1093.0 1093.0 1093.0 1093.0 1093.0 1093.0 1093.0 1093.0 
700 700 700 700 700 724.0 786.0 849.0 870.0 881.0 932.0 943.0 924.0 964.0 975.0 986.0 996.0 1007.0 1018.0 1018.0 1029.0 999.0 1039.0 1050.0 1050.0 1050.0 1061.0 1061.0 1071.0 1071.0 1071.0 1082.0 1082.0 1082.0 1082.0 1082.0 1093.0 1093.0 1093.0 1093.0 1093.0 1093.0 1093.0 1093.0 
700 700 700 700 700 714.0 786.0 838.0 859.0 881.0 921.0 943.0 924.0 964.0 975.0 986.0 996.0 996.0 1007.0 1018.0 1018.0 999.0 1039.0 1039.0 1050.0 1050.0 1061.0 1061.0 1061.0 1071.0 1071.0 1071.0 1071.0 1082.0 1082.0 1082.0 1082.0 1082.0 1093.0 1093.0 1093.0 1093.0 1093.0 1093.0 
700 700 700 700 700 714.0 776.0 838.0 859.0 881.0 921.0 932.0 924.0 964.0 975.0 986.0 986.0 996.0 1007.0 1018.0 1018.0 999.0 1029.0 1039.0 1039.0 1050.0 1050.0 1061.0 1061.0 1061.0 1071.0 1071.0 1071.0 1071.0 1082.0 1082.0 1082.0 1082.0 1082.0 1082.0 1082.0 1082.0 1082.0 1082.0 
700 700 700 700 700 703.0 776.0 827.0 849.0 870.0 921.0 932.0 913.0 954.0 964.0 975.0 986.0 996.0 996.0 1007.0 1018.0 988.0 1029.0 1029.0 1039.0 1039.0 1050.0 1050.0 1061.0 1061.0 1061.0 1071.0 1071.0 1071.0 1071.0 1071.0 1082.0 1082.0 1082.0 1082.0 1082.0 1082.0 1082.0 1082.0 
700 700 700 700 700 703.0 765.0 827.0 849.0 870.0 911.0 932.0 913.0 954.0 964.0 975.0 986.0 986.0 996.0 1007.0 1007.0 988.0 1029.0 1029.0 1029.0 1039.0 1039.0 1050.0 1050.0 1050.0 1061.0 1061.0 1061.0 1071.0 1071.0 1071.0 1071.0 1071.0 1071.0 1082.0 1082.0 1082.0 1082.0 1082.0 
700 700 700 700 700 703.0 765.0 827.0 849.0 859.0 911.0 921.0 902.0 943.0 954.0 964.0 975.0 986.0 996.0 996.0 1007.0 988.0 1018.0 1029.0 1029.0 1039.0 1039.0 1039.0 1050.0 1050.0 1050.0 1061.0 1061.0 1061.0 1061.0 1071.0 1071.0 1071.0 1071.0 1071.0 1071.0 1071.0 1071.0 1071.0 
700 700 700 700 700 700 765.0 816.0 838.0 859.0 900.0 921.0 902.0 943.0 954.0 964.0 975.0 986.0 986.0 996.0 1007.0 977.0 1018.0 1018.0 1029.0 1029.0 1039.0 1039.0 1039.0 1050.0 1050.0 1050.0 1061.0 1061.0 1061.0 1061.0 1061.0 1071.0 1071.0 1071.0 1071.0 1071.0 1071.0 1071.0 
700 700 700 700 700 700 754.0 816.0 838.0 859.0 900.0 911.0 902.0 943.0 954.0 964.0 964.0 975.0 986.0 996.0 996.0 977.0 1007.0 1018.0 1018.0 1029.0 1029.0 1039.0 1039.0 1039.0 1050.0 1050.0 1050.0 1050.0 1061.0 1061.0 1061.0 1061.0 1061.0 1061.0 1061.0 1071.0 1071.0 1071.0 
700 700 700 700 700 700 754.0 806.0 827.0 849.0 900.0 911.0 891.0 932.0 943.0 954.0 964.0 975.0 986.0 986.0 996.0 966.0 1007.0 1018.0 1018.0 1018.0 1029.0 1029.0 1039.0 1039.0 1039.0 1050.0 1050.0 1050.0 1050.0 1061.0 1061.0 1061.0 1061.0 1061.0 1061.0 1061.0 1061.0 1061.0 
700 700 700 700 700 700 744.0 806.0 827.0 849.0 889.0 911.0 891.0 932.0 943.0 954.0 964.0 964.0 975.0 986.0 986.0 966.0 1007.0 1007.0 1018.0 1018.0 1029.0 1029.0 1029.0 1039.0 1039.0 1039.0 1039.0 1050.0 1050.0 1050.0 1050.0 1050.0 1061.0 1061.0 1061.0 1061.0 1061.0 1061.0 
700 700 700 700 700 700 744.0 806.0 827.0 838.0 889.0 900.0 881.0 921.0 932.0 943.0 954.0 964.0 975.0 975.0 986.0 966.0 996.0 1007.0 1007.0 1018.0 1018.0 1029.0 1029.0 1029.0 1039.0 1039.0 1039.0 1039.0 1050.0 1050.0 1050.0 1050.0 1050.0 1050.0 1050.0 1050.0 1050.0 1050.0 
700 700 700 700 700 700 744.0 795.0 816.0 838.0 889.0 900.0 881.0 921.0 932.0 943.0 954.0 964.0 964.0 975.0 986.0 956.0 996.0 996.0 1007.0 1007.0 1018.0 1018.0 1029.0 1029.0 1029.0 1029.0 1039.0 1039.0 1039.0 1039.0 1050.0 1050.0 1050.0 1050.0 1050.0 1050.0 1050.0 1050.0 
700 700 700 700 700 700 733.0 795.0 816.0 838.0 879.0 889.0 881.0 921.0 932.0 943.0 943.0 954.0 964.0 975.0 975.0 956.0 986.0 996.0 996.0 1007.0 1007.0 1018.0 1018.0 1018.0 1029.0 1029.0 1029.0 1039.0 1039.0 1039.0 1039.0 1039.0 1039.0 1039.0 1050.0 1050.0 1050.0 1050.0 
700 700 700 700 700 700 733.0 795.0 816.0 827.0 879.0 889.0 870.0 911.0 921.0 932.0 943.0 954.0 964.0 964.0 975.0 956.0 986.0 996.0 996.0 1007.0 1007.0 1007.0 1018.0 1018.0 1018.0 1029.0 1029.0 1029.0 1029.0 1039.0 1039.0 1039.0 1039.0 1039.0 1039.0 1039.0 1039.0 1039.0 
700 700 700 700 700 700 733.0 784.0 806.0 827.0 868.0 889.0 870.0 911.0 921.0 932.0 943.0 954.0 954.0 964.0 975.0 945.0 986.0 986.0 996.0 996.0 1007.0 1007.0 1007.0 1018.0 1018.0 1018.0 1029.0 1029.0 1029.0 1029.0 1029.0 1029.0 1039.0 1039.0 1039.0 1039.0 1039.0 1039.0 
700 700 700 700 700 700 722.0 784.0 806.0 827.0 868.0 879.0 870.0 911.0 921.0 932.0 932.0 943.0 954.0 964.0 964.0 945.0 975.0 986.0 986.0 996.0 996.0 1007.0 1007.0 1007.0 1018.0 1018.0 1018.0 1018.0 1029.0 1029.0 1029.0 1029.0 1029.0 1029.0 1029.0 1029.0 1029.0 1029.0 
700 700 700 700 700 700 722.0 784.0 806.0 816.0 868.0 879.0 859.0 900.0 911.0 921.0 932.0 943.0 954.0 954.0 964.0 934.0 975.0 975.0 986.0 986.0 996.0 996.0 1007.0 1007.0 1007.0 1018.0 1018.0 1018.0 1018.0 1018.0 1029.0 1029.0 1029.0 1029.0 1029.0 1029.0 1029.0 
700 700 700 700 700 700 722.0 774.0 795.0 816.0 857.0 879.0 859.0 900.0 911.0 921.0 932.0 932.0 943.0 954.0 954.0 934.0 975.0 975.0 986.0 986.0 986.0 996.0 996.0 1007.0 1007.0 1007.0 1007.0 1018.0 1018.0 1018.0 1018.0 1018.0 1018.0 1029.0 1029.0 1029.0 1029.0 
700 700 700 700 700 700 711.0 774.0 795.0 816.0 857.0 868.0 859.0 900.0 911.0 921.0 921.0 932.0 943.0 954.0 954.0 934.0 964.0 975.0 975.0 986.0 986.0 986.0 996.0 996.0 1007.0 1007.0 1007.0 1007.0 1007.0 1018.0 1018.0 1018.0 1018.0 1018.0 1018.0 1018.0 1018.0 
700 700 700 700 700 700 741.0 774.0 795.0 806.0 857.0 868.0 849.0 889.0 900.0 911.0 921.0 932.0 932.0 943.0 954.0 924.0 964.0 964.0 975.0 975.0 986.0 986.0 986.0 996.0 996.0 996.0 1007.0 1007.0 1007.0 1007.0 1007.0 1018.0 1018.0 1018.0 1018.0 1018.0 1018.0 
700 700 700 700 700 700 711.0 763.0 784.0 806.0 857.0 868.0 849.0 889.0 900.0 911.0 921.0 921.0 932.0 943.0 943.0 924.0 964.0 964.0 964.0 975.0 975.0 986.0 986.0 986.0 996.0 996.0 996.0 1007.0 1007.0 1007.0 1007.0 1007.0 1007.0 1007.0 1007.0 1007.0 1007.0 
700 700 700 700 700 700 711.0 763.0 784.0 806.0 846.0 868.0 849.0 889.0 900.0 911.0 911.0 921.0 932.0 932.0 943.0 924.0 954.0 964.0 964.0 975.0 975.0 975.0 986.0 986.0 986.0 996.0 996.0 996.0 996.0 996.0 1007.0 1007.0 1007.0 1007.0 1007.0 1007.0 1007.0 
700 700 700 700 700 700 701.0 763.0 784.0 806.0 846.0 857.0 838.0 879.0 889.0 900.0 911.0 921.0 921.0 932.0 943.0 913.0 954.0 954.0 964.0 964.0 975.0 975.0 975.0 986.0 986.0 986.0 986.0 996.0 996.0 996.0 996.0 996.0 996.0 1007.0 1007.0 1007.0 1007.0 
700 700 700 700 700 700 701.0 763.0 784.0 795.0 846.0 857.0 838.0 879.0 889.0 900.0 911.0 911.0 921.0 932.0 932.0 913.0 954.0 954.0 954.0 964.0 964.0 975.0 975.0 975.0 986.0 986.0 986.0 986.0 996.0 996.0 996.0 996.0 996.0 996.0 996.0 996.0 996.0 
700 700 700 700 700 700 701.0 752.0 774.0 795.0 836.0 827.0 868.0 879.0 889.0 900.0 900.0 911.0 921.0 921.0 902.0 943.0 943.0 954.0 954.0 964.0 964.0 964.0 975.0 975.0 975.0 986.0 986.0 986.0 986.0 986.0 986.0 996.0 996.0 996.0 996.0 996.0 996.0 
700 700 700 700 700 700 701.0 752.0 774.0 795.0 836.0 816.0 868.0 879.0 879.0 889.0 900.0 911.0 921.0 921.0 902.0 932.0 943.0 943.0 954.0 954.0 964.0 964.0 964.0 975.0 975.0 975.0 975.0 986.0 986.0 986.0 986.0 986.0 986.0 986.0 986.0 986.0 986.0 
700 700 700 700 700 700 701.0 752.0 774.0 795.0 836.0 816.0 857.0 868.0 879.0 889.0 900.0 911.0 911.0 891.0 921.0 932.0 943.0 943.0 943.0 954.0 954.0 964.0 964.0 964.0 975.0 975.0 975.0 975.0 975.0 986.0 986.0 986.0 986.0 986.0 986.0 986.0 986.0 
700 700 700 700 700 700 701.0 752.0 774.0 784.0 836.0 816.0 857.0 868.0 879.0 889.0 900.0 900.0 911.0 891.0 921.0 932.0 932.0 943.0 943.0 954.0 954.0 954.0 964.0 964.0 964.0 964.0 975.0 975.0 975.0 975.0 975.0 986.0 986.0 986.0 986.0 986.0 
700 700 700 700 700 700 720.0 752.0 774.0 784.0 825.0 816.0 857.0 868.0 879.0 889.0 889.0 900.0 881.0 911.0 921.0 921.0 932.0 932.0 943.0 943.0 954.0 954.0 954.0 964.0 964.0 964.0 964.0 975.0 975.0 975.0 975.0 975.0 975.0 975.0 975.0 975.0 
700 700 700 700 700 700 720.0 741.0 763.0 784.0 825.0 816.0 857.0 868.0 868.0 879.0 889.0 900.0 870.0 911.0 921.0 921.0 932.0 932.0 943.0 943.0 943.0 954.0 954.0 954.0 964.0 964.0 964.0 964.0 964.0 975.0 975.0 975.0 975.0 975.0 975.0 975.0 
700 700 700 700 700 700 720.0 741.0 763.0 784.0 825.0 806.0 846.0 857.0 868.0 879.0 889.0 889.0 870.0 911.0 911.0 921.0 921.0 932.0 932.0 943.0 943.0 943.0 954.0 954.0 954.0 954.0 964.0 964.0 964.0 964.0 964.0 964.0 964.0 975.0 975.0 975.0 
700 700 700 700 700 700 700 771.0 763.0 814.0 825.0 806.0 846.0 857.0 868.0 879.0 889.0 889.0 870.0 900.0 911.0 921.0 921.0 932.0 932.0 932.0 943.0 943.0 943.0 954.0 954.0 954.0 954.0 964.0 964.0 964.0 964.0 964.0 964.0 964.0 964.0 964.0 
700 700 700 700 700 700 700 741.0 763.0 804.0 825.0 806.0 846.0 857.0 868.0 879.0 879.0 889.0 870.0 900.0 911.0 911.0 921.0 921.0 932.0 932.0 932.0 943.0 943.0 943.0 954.0 954.0 954.0 954.0 954.0 964.0 964.0 964.0 964.0 964.0 964.0 964.0 
700 700 700 700 700 700 700 741.0 763.0 804.0 825.0 806.0 846.0 857.0 868.0 868.0 879.0 889.0 859.0 900.0 911.0 911.0 921.0 921.0 921.0 932.0 932.0 932.0 943.0 943.0 943.0 954.0 954.0 954.0 954.0 954.0 954.0 954.0 954.0 954.0 954.0 
700 700 700 700 700 700 720.0 741.0 763.0 804.0 814.0 806.0 846.0 857.0 857.0 868.0 879.0 889.0 859.0 900.0 900.0 911.0 911.0 921.0 921.0 932.0 932.0 932.0 943.0 943.0 943.0 943.0 943.0 954.0 954.0 954.0 954.0 954.0 954.0 954.0 954.0 
700 700 700 700 700 700 720.0 741.0 763.0 804.0 814.0 806.0 836.0 846.0 857.0 868.0 879.0 879.0 859.0 900.0 900.0 911.0 911.0 921.0 921.0 921.0 932.0 932.0 932.0 943.0 943.0 943.0 943.0 943.0 943.0 954.0 954.0 954.0 954.0 954.0 954.0 
700 700 700 700 700 700 720.0 741.0 763.0 804.0 814.0 795.0 836.0 846.0 857.0 868.0 879.0 849.0 889.0 889.0 900.0 900.0 911.0 911.0 921.0 921.0 921.0 932.0 932.0 932.0 932.0 943.0 943.0 943.0 943.0 943.0 943.0 943.0 943.0 954.0 954.0 
700 700 700 700 700 700 720.0 741.0 763.0 804.0 784.0 825.0 836.0 846.0 857.0 868.0 868.0 849.0 889.0 889.0 900.0 900.0 911.0 911.0 911.0 921.0 921.0 921.0 932.0 932.0 932.0 932.0 943.0 943.0 943.0 943.0 943.0 943.0 943.0 943.0 943.0 
700 700 700 700 700 700 720.0 741.0 752.0 804.0 784.0 825.0 836.0 846.0 857.0 857.0 868.0 849.0 879.0 889.0 889.0 900.0 900.0 911.0 911.0 921.0 921.0 921.0 932.0 932.0 932.0 932.0 932.0 932.0 943.0 943.0 943.0 943.0 943.0 943.0 
700 700 700 700 700 700 720.0 741.0 752.0 804.0 784.0 825.0 836.0 846.0 857.0 857.0 868.0 849.0 879.0 889.0 889.0 900.0 900.0 911.0 911.0 911.0 921.0 921.0 921.0 932.0 932.0 932.0 932.0 932.0 932.0 932.0 943.0 943.0 943.0 943.0 
700 700 700 700 700 700 720.0 741.0 752.0 804.0 784.0 825.0 836.0 846.0 857.0 857.0 868.0 849.0 879.0 889.0 889.0 900.0 900.0 900.0 911.0 911.0 921.0 921.0 921.0 921.0 932.0 932.0 932.0 932.0 932.0 932.0 932.0 932.0 932.0 932.0 
700 700 700 700 700 700 720.0 741.0 752.0 804.0 784.0 825.0 836.0 846.0 846.0 857.0 838.0 868.0 879.0 889.0 889.0 889.0 900.0 900.0 911.0 911.0 911.0 921.0 921.0 921.0 921.0 921.0 932.0 932.0 932.0 932.0 932.0 932.0 932.0 932.0 
700 700 700 700 700 700 720.0 741.0 752.0 804.0 784.0 825.0 836.0 846.0 846.0 857.0 838.0 868.0 879.0 879.0 889.0 889.0 900.0 900.0 900.0 911.0 911.0 911.0 921.0 921.0 921.0 921.0 921.0 921.0 932.0 932.0 932.0 932.0 932.0 932.0 
700 700 700 700 700 700 720.0 741.0 782.0 804.0 784.0 825.0 836.0 846.0 846.0 857.0 838.0 868.0 879.0 879.0 889.0 889.0 900.0 900.0 900.0 911.0 911.0 911.0 911.0 921.0 921.0 921.0 921.0 921.0 921.0 921.0 921.0 932.0 932.0 
700 700 700 700 700 700 720.0 741.0 793.0 774.0 814.0 825.0 836.0 846.0 846.0 857.0 838.0 868.0 879.0 879.0 889.0 889.0 889.0 900.0 900.0 911.0 911.0 911.0 911.0 921.0 921.0 921.0 921.0 921.0 921.0 921.0 921.0 921.0 921.0 
700 700 700 700 700 700 720.0 741.0 793.0 774.0 814.0 825.0 836.0 846.0 846.0 827.0 868.0 868.0 879.0 879.0 889.0 889.0 889.0 900.0 900.0 900.0 911.0 911.0 911.0 911.0 921.0 921.0 921.0 921.0 921.0 921.0 921.0 921.0 921.0 
700 700 700 700 700 700 731.0 741.0 793.0 774.0 814.0 825.0 836.0 846.0 846.0 827.0 868.0 868.0 879.0 879.0 889.0 889.0 889.0 900.0 900.0 900.0 911.0 911.0 911.0 911.0 911.0 921.0 921.0 921.0 921.0 921.0 921.0 921.0 
700 700 700 700 700 709.0 731.0 741.0 793.0 774.0 814.0 825.0 836.0 846.0 846.0 827.0 857.0 868.0 868.0 879.0 879.0 889.0 889.0 900.0 900.0 900.0 900.0 911.0 911.0 911.0 911.0 911.0 911.0 921.0 921.0 921.0 921.0 921.0 
700 700 700 700 700 709.0 731.0 752.0 793.0 774.0 814.0 825.0 836.0 846.0 846.0 827.0 857.0 868.0 868.0 879.0 879.0 889.0 889.0 889.0 900.0 900.0 900.0 911.0 911.0 911.0 911.0 911.0 911.0 911.0 911.0 911.0 921.0 921.0 
700 700 700 700 700 709.0 731.0 752.0 793.0 774.0 814.0 825.0 836.0 846.0 846.0 827.0 868.0 868.0 879.0 879.0 879.0 889.0 889.0 889.0 900.0 900.0 900.0 900.0 911.0 911.0 911.0 911.0 911.0 911.0 911.0 911.0 911.0 
700 700 700 700 700 700 731.0 782.0 763.0 804.0 814.0 825.0 836.0 846.0 816.0 857.0 868.0 868.0 879.0 879.0 879.0 889.0 889.0 889.0 900.0 900.0 900.0 900.0 911.0 911.0 911.0 911.0 911.0 911.0 911.0 911.0 911.0 
700 700 700 700 700 720.0 741.0 782.0 763.0 814.0 825.0 825.0 836.0 846.0 816.0 857.0 868.0 868.0 879.0 879.0 879.0 889.0 889.0 889.0 900.0 900.0 900.0 900.0 911.0 911.0 911.0 911.0 911.0 911.0 911.0 911.0 911.0 
700 700 700 700 700 720.0 741.0 782.0 774.0 814.0 825.0 825.0 836.0 846.0 827.0 857.0 868.0 868.0 879.0 879.0 879.0 889.0 889.0 889.0 900.0 900.0 900.0 900.0 900.0 911.0 911.0 911.0 911.0 911.0 911.0 911.0 
700 700 700 700 700 731.0 741.0 793.0 774.0 814.0 825.0 836.0 836.0 816.0 857.0 857.0 868.0 868.0 879.0 879.0 879.0 889.0 889.0 889.0 900.0 900.0 900.0 900.0 911.0 911.0 911.0 911.0 911.0 911.0 911.0 911.0 
700 700 700 700 700 731.0 752.0 793.0 774.0 814.0 825.0 836.0 816.0 846.0 857.0 857.0 868.0 868.0 879.0 879.0 889.0 889.0 889.0 900.0 900.0 900.0 900.0 900.0 911.0 911.0 911.0 911.0 911.0 911.0 911.0 911.0 
700 700 700 700 700 731.0 752.0 763.0 814.0 825.0 825.0 836.0 816.0 857.0 857.0 868.0 868.0 879.0 879.0 879.0 889.0 889.0 889.0 900.0 900.0 900.0 900.0 900.0 911.0 911.0 911.0 911.0 911.0 911.0 911.0 
700 700 700 700 700 741.0 752.0 774.0 814.0 825.0 836.0 836.0 816.0 857.0 857.0 868.0 868.0 879.0 879.0 889.0 889.0 889.0 889.0 900.0 900.0 900.0 900.0 911.0 911.0 911.0 911.0 911.0 911.0 911.0 911.0 
700 700 700 700 720.0 741.0 793.0 774.0 814.0 825.0 836.0 846.0 816.0 857.0 868.0 868.0 879.0 879.0 879.0 889.0 889.0 889.0 900.0 900.0 900.0 900.0 900.0 911.0 911.0 911.0 911.0 911.0 911.0 911.0 911.0 
700 700 700 700 701.0 752.0 804.0 784.0 825.0 836.0 846.0 816.0 857.0 857.0 868.0 868.0 879.0 879.0 889.0 889.0 889.0 900.0 900.0 900.0 900.0 911.0 911.0 911.0 911.0 911.0 911.0 911.0 911.0 911.0 
700 700 700 700 741.0 763.0 774.0 814.0 825.0 836.0 846.0 827.0 857.0 868.0 868.0 879.0 879.0 889.0 889.0 889.0 900.0 900.0 900.0 900.0 911.0 911.0 911.0 911.0 911.0 911.0 911.0 911.0 911.0 911.0 
700 700 700 700 741.0 763.0 784.0 825.0 836.0 846.0 846.0 827.0 868.0 868.0 879.0 879.0 889.0 889.0 889.0 900.0 900.0 900.0 900.0 911.0 911.0 911.0 911.0 911.0 911.0 911.0 911.0 911.0 911.0 
700 700 700 700 752.0 774.0 784.0 836.0 836.0 846.0 857.0 838.0 868.0 879.0 879.0 889.0 889.0 889.0 900.0 900.0 900.0 911.0 911.0 911.0 911.0 911.0 911.0 921.0 921.0 921.0 921.0 921.0 921.0 
700 700 700 700 763.0 814.0 795.0 836.0 846.0 857.0 838.0 868.0 879.0 879.0 889.0 889.0 900.0 900.0 900.0 911.0 911.0 911.0 911.0 911.0 921.0 921.0 921.0 921.0 921.0 921.0 921.0 921.0 
804.0 700 700 722.0 774.0 825.0 806.0 846.0 857.0 868.0 838.0 879.0 879.0 889.0 889.0 900.0 900.0 900.0 911.0 911.0 911.0 911.0 921.0 921.0 921.0 921.0 921.0 921.0 921.0 921.0 921.0 921.0 
814.0 700 700 733.0 784.0 806.0 846.0 857.0 868.0 868.0 849.0 889.0 889.0 900.0 900.0 900.0 911.0 911.0 911.0 921.0 921.0 921.0 921.0 921.0 921.0 932.0 932.0 932.0 932.0 932.0 932.0 
814.0 700 700 703.0 784.0 806.0 816.0 857.0 868.0 879.0 889.0 859.0 900.0 900.0 911.0 911.0 911.0 921.0 921.0 921.0 921.0 932.0 932.0 932.0 932.0 932.0 932.0 932.0 932.0 932.0 932.0 
836.0 700 700 714.0 806.0 816.0 857.0 868.0 879.0 889.0 859.0 900.0 911.0 911.0 911.0 921.0 921.0 921.0 932.0 932.0 932.0 932.0 932.0 943.0 943.0 943.0 943.0 943.0 943.0 943.0 
707.0 700 724.0 816.0 857.0 838.0 879.0 889.0 900.0 900.0 881.0 911.0 921.0 921.0 932.0 932.0 932.0 932.0 943.0 943.0 943.0 943.0 943.0 943.0 943.0 943.0 943.0 954.0 954.0 
729.0 700 746.0 827.0 849.0 889.0 900.0 900.0 911.0 921.0 921.0 891.0 932.0 932.0 943.0 943.0 943.0 943.0 954.0 954.0 954.0 954.0 954.0 954.0 954.0 954.0 954.0 954.0 
750.0 700 786.0 849.0 859.0 900.0 911.0 921.0 921.0 932.0 932.0 943.0 913.0 943.0 954.0 954.0 954.0 954.0 964.0 964.0 964.0 964.0 964.0 964.0 964.0 964.0 964.0 964.0 
771.0 700 808.0 859.0 870.0 911.0 921.0 932.0 932.0 943.0 943.0 954.0 954.0 954.0 964.0 964.0 964.0 964.0 945.0 975.0 975.0 975.0 975.0 975.0 975.0 975.0 975.0 
793.0 700 829.0 881.0 891.0 932.0 943.0 943.0 954.0 954.0 964.0 964.0 975.0 975.0 975.0 975.0 986.0 986.0 986.0 986.0 986.0 986.0 986.0 986.0 986.0 986.0 
814.0 700 881.0 902.0 913.0 954.0 954.0 964.0 964.0 975.0 975.0 986.0 986.0 986.0 986.0 996.0 996.0 996.0 996.0 996.0 996.0 996.0 996.0 996.0 996.0 
846.0 700 872.0 954.0 934.0 975.0 975.0 986.0 986.0 996.0 996.0 996.0 1007.0 1007.0 1007.0 1007.0 1007.0 1018.0 1018.0 1018.0 1018.0 1018.0 1018.0 1018.0 
868.0 711.0 924.0 975.0 956.0 996.0 996.0 1007.0 1007.0 1007.0 1018.0 1018.0 1018.0 1029.0 1029.0 1029.0 1029.0 1029.0 1029.0 1029.0 1029.0 1029.0 1029.0 1029.0 
900.0 733.0 956.0 996.0 1007.0 1018.0 988.0 1029.0 1029.0 1029.0 1039.0 1039.0 1039.0 1039.0 1039.0 1050.0 1050.0 1050.0 1050.0 1050.0 1050.0 1050.0 1050.0 
932.0 795.0 977.0 1018.0 1029.0 1039.0 1039.0 1050.0 1050.0 1050.0 1061.0 1061.0 1061.0 1061.0 1061.0 1061.0 1071.0 1071.0 1071.0 1071.0 1071.0 1071.0 
954.0 816.0 999.0 1039.0 1050.0 1061.0 1061.0 1071.0 1071.0 1071.0 1082.0 1082.0 1082.0 1082.0 1082.0 1082.0 1082.0 1082.0 1093.0 1093.0 1093.0 
996.0 879.0 1031.0 1071.0 1082.0 1082.0 1093.0 1093.0 1093.0 1104.0 1104.0 1104.0 1104.0 1104.0 1104.0 1104.0 1114.0 1114.0 1114.0 1114.0 
1029.0 941.0 1063.0 1104.0 1074.0 1114.0 1114.0 1125.0 1125.0 1125.0 1125.0 1125.0 1136.0 1136.0 1136.0 1136.0 1136.0 1136.0 
1061.0 1003.0 1125.0 1125.0 1136.0 1136.0 1146.0 1146.0 1146.0 1146.0 1157.0 1157.0 1157.0 1157.0 1157.0 1157.0 1157.0 
1093.0 1046.0 1146.0 1157.0 1168.0 1168.0 1138.0 1179.0 1179.0 1179.0 1179.0 1179.0 1179.0 1179.0 1179.0 1179.0 
1125.0 1108.0 1179.0 1159.0 1189.0 1200.0 1200.0 1200.0 1200.0 1200.0 1200.0 1200.0 1211.0 1211.0 
1157.0 1129.0 1181.0 1211.0 1191.0 1221.0 1221.0 1221.0 1232.0 1232.0 1232.0 1232.0 1232.0 
1200.0 1172.0 1213.0 1243.0 1243.0 1224.0 1254.0 1254.0 1254.0 1254.0 1254.0 
1232.0 1234.0 1245.0 1245.0 1245.0 1275.0 1275.0 1286.0 1286.0 
1254.0 1256.0 1266.0 1266.0 1296.0 1266.0 1296.0 1296.0 
1254.0 896.0 1288.0 1299.0 1329.0 1329.0 
1286.0 1286.0 
