33.0 31.0 29.0 
35.0 29.0 22.0 18.0 16.0 16.0 
35.0 29.0 20.0 13.0 12.0 11.0 11.0 11.0 11.0 
36.0 30.0 20.0 14.0 13.0 12.0 12.0 11.0 11.0 11.0 
37.0 31.0 21.0 15.0 14.0 13.0 13.0 12.0 12.0 12.0 12.0 12.0 12.0 
37.0 34.0 23.0 16.0 15.0 14.0 14.0 13.0 13.0 13.0 13.0 13.0 12.0 12.0 12.0 
34.0 28.0 18.0 16.0 15.0 15.0 14.0 14.0 14.0 13.0 13.0 13.0 13.0 13.0 13.0 
35.0 29.0 19.0 17.0 16.0 16.0 15.0 15.0 14.0 14.0 14.0 14.0 14.0 14.0 14.0 14.0 14.0 
32.0 26.0 19.0 18.0 17.0 17.0 16.0 16.0 15.0 15.0 15.0 15.0 14.0 14.0 14.0 14.0 14.0 14.0 
33.0 28.0 21.0 19.0 18.0 18.0 17.0 17.0 16.0 16.0 16.0 15.0 15.0 15.0 15.0 15.0 15.0 15.0 15.0 
35.0 29.0 22.0 20.0 19.0 18.0 18.0 17.0 17.0 17.0 16.0 16.0 16.0 16.0 15.0 15.0 15.0 15.0 15.0 15.0 15.0 
37.0 31.0 23.0 21.0 20.0 19.0 19.0 18.0 18.0 17.0 17.0 17.0 17.0 16.0 16.0 16.0 16.0 16.0 16.0 16.0 16.0 16.0 
33.0 28.0 23.0 22.0 21.0 20.0 20.0 19.0 19.0 18.0 18.0 17.0 17.0 17.0 17.0 17.0 17.0 16.0 16.0 16.0 16.0 16.0 
35.0 30.0 25.0 23.0 22.0 21.0 20.0 20.0 19.0 19.0 19.0 18.0 18.0 18.0 18.0 17.0 17.0 17.0 17.0 17.0 17.0 17.0 17.0 
37.0 31.0 26.0 24.0 23.0 22.0 21.0 21.0 20.0 20.0 19.0 19.0 19.0 18.0 18.0 18.0 18.0 18.0 18.0 18.0 17.0 17.0 17.0 17.0 
38.0 33.0 27.0 25.0 24.0 23.0 22.0 22.0 21.0 21.0 20.0 20.0 19.0 19.0 19.0 19.0 18.0 18.0 18.0 18.0 18.0 18.0 18.0 18.0 18.0 
40.0 35.0 28.0 26.0 25.0 24.0 23.0 23.0 22.0 21.0 21.0 21.0 20.0 20.0 20.0 19.0 19.0 19.0 19.0 19.0 19.0 19.0 19.0 18.0 18.0 18.0 
42.0 36.0 30.0 27.0 26.0 25.0 24.0 23.0 23.0 22.0 22.0 21.0 21.0 21.0 20.0 20.0 20.0 20.0 19.0 19.0 19.0 19.0 19.0 19.0 19.0 19.0 19.0 
44.0 38.0 31.0 28.0 27.0 26.0 25.0 24.0 24.0 23.0 23.0 22.0 22.0 21.0 21.0 21.0 20.0 20.0 20.0 20.0 20.0 20.0 20.0 20.0 19.0 19.0 19.0 19.0 
45.0 40.0 32.0 30.0 28.0 27.0 26.0 25.0 24.0 24.0 23.0 23.0 22.0 22.0 22.0 21.0 21.0 21.0 21.0 20.0 20.0 20.0 20.0 20.0 20.0 20.0 20.0 20.0 20.0 
47.0 41.0 34.0 31.0 29.0 28.0 27.0 26.0 25.0 25.0 24.0 24.0 23.0 23.0 22.0 22.0 22.0 21.0 21.0 21.0 21.0 21.0 21.0 21.0 20.0 20.0 20.0 20.0 20.0 
48.0 43.0 35.0 32.0 30.0 29.0 28.0 27.0 26.0 25.0 25.0 24.0 24.0 23.0 23.0 23.0 22.0 22.0 22.0 22.0 21.0 21.0 21.0 21.0 21.0 21.0 21.0 21.0 21.0 21.0 
31.0 31.0 31.0 33.0 31.0 30.0 28.0 28.0 27.0 26.0 25.0 25.0 24.0 24.0 24.0 23.0 23.0 23.0 22.0 22.0 22.0 22.0 22.0 22.0 21.0 21.0 21.0 21.0 21.0 21.0 21.0 
32.0 32.0 32.0 34.0 32.0 30.0 29.0 28.0 28.0 27.0 26.0 26.0 25.0 25.0 24.0 24.0 23.0 23.0 23.0 23.0 22.0 22.0 22.0 22.0 22.0 22.0 22.0 22.0 22.0 22.0 22.0 
33.0 33.0 33.0 35.0 33.0 31.0 30.0 29.0 28.0 28.0 27.0 26.0 26.0 25.0 25.0 24.0 24.0 24.0 23.0 23.0 23.0 23.0 23.0 22.0 22.0 22.0 22.0 22.0 22.0 22.0 22.0 22.0 
34.0 34.0 34.0 36.0 34.0 32.0 31.0 30.0 29.0 28.0 28.0 27.0 26.0 26.0 25.0 25.0 25.0 24.0 24.0 24.0 23.0 23.0 23.0 23.0 23.0 23.0 23.0 23.0 22.0 22.0 22.0 22.0 
56.0 50.0 41.0 37.0 35.0 33.0 32.0 31.0 30.0 29.0 28.0 28.0 27.0 26.0 26.0 26.0 25.0 25.0 24.0 24.0 24.0 24.0 24.0 23.0 23.0 23.0 23.0 23.0 23.0 23.0 23.0 23.0 23.0 
57.0 51.0 43.0 38.0 36.0 34.0 32.0 31.0 30.0 30.0 29.0 28.0 28.0 27.0 27.0 26.0 26.0 25.0 25.0 25.0 24.0 24.0 24.0 24.0 24.0 24.0 23.0 23.0 23.0 23.0 23.0 23.0 23.0 
59.0 53.0 44.0 39.0 36.0 35.0 33.0 32.0 31.0 30.0 30.0 29.0 28.0 28.0 27.0 27.0 26.0 26.0 26.0 25.0 25.0 25.0 24.0 24.0 24.0 24.0 24.0 24.0 24.0 24.0 24.0 24.0 24.0 24.0 
60.0 54.0 45.0 40.0 37.0 36.0 34.0 33.0 32.0 31.0 30.0 29.0 29.0 28.0 28.0 27.0 27.0 26.0 26.0 26.0 25.0 25.0 25.0 25.0 25.0 24.0 24.0 24.0 24.0 24.0 24.0 24.0 24.0 24.0 
61.0 55.0 46.0 41.0 38.0 36.0 35.0 34.0 33.0 32.0 31.0 30.0 29.0 29.0 28.0 28.0 27.0 27.0 27.0 26.0 26.0 26.0 25.0 25.0 25.0 25.0 25.0 25.0 24.0 24.0 24.0 24.0 24.0 24.0 24.0 
62.0 57.0 47.0 42.0 39.0 37.0 36.0 34.0 33.0 32.0 31.0 31.0 30.0 29.0 29.0 28.0 28.0 27.0 27.0 27.0 26.0 26.0 26.0 26.0 25.0 25.0 25.0 25.0 25.0 25.0 25.0 25.0 25.0 25.0 25.0 
64.0 58.0 48.0 43.0 40.0 38.0 36.0 35.0 34.0 33.0 32.0 31.0 31.0 30.0 29.0 29.0 28.0 28.0 27.0 27.0 27.0 26.0 26.0 26.0 26.0 26.0 25.0 25.0 25.0 25.0 25.0 25.0 25.0 25.0 25.0 
65.0 59.0 50.0 44.0 41.0 39.0 37.0 36.0 35.0 33.0 33.0 32.0 31.0 30.0 30.0 29.0 29.0 28.0 28.0 28.0 27.0 27.0 27.0 26.0 26.0 26.0 26.0 26.0 26.0 25.0 25.0 25.0 25.0 25.0 25.0 25.0 
66.0 60.0 51.0 45.0 42.0 39.0 38.0 36.0 35.0 34.0 33.0 32.0 32.0 31.0 30.0 30.0 29.0 29.0 28.0 28.0 28.0 27.0 27.0 27.0 27.0 26.0 26.0 26.0 26.0 26.0 26.0 26.0 26.0 26.0 26.0 26.0 
67.0 61.0 52.0 46.0 43.0 40.0 38.0 37.0 36.0 35.0 34.0 33.0 32.0 32.0 31.0 30.0 30.0 29.0 29.0 29.0 28.0 28.0 28.0 27.0 27.0 27.0 27.0 26.0 26.0 26.0 26.0 26.0 26.0 26.0 26.0 26.0 26.0 
68.0 62.0 53.0 47.0 43.0 41.0 39.0 38.0 36.0 35.0 34.0 34.0 33.0 32.0 31.0 31.0 30.0 30.0 29.0 29.0 29.0 28.0 28.0 28.0 27.0 27.0 27.0 27.0 27.0 27.0 26.0 26.0 26.0 26.0 26.0 26.0 26.0 
69.0 63.0 54.0 48.0 44.0 41.0 40.0 38.0 37.0 36.0 35.0 34.0 33.0 33.0 32.0 31.0 31.0 30.0 30.0 29.0 29.0 29.0 28.0 28.0 28.0 28.0 27.0 27.0 27.0 27.0 27.0 27.0 27.0 27.0 27.0 27.0 27.0 
70.0 64.0 55.0 49.0 45.0 42.0 40.0 39.0 38.0 37.0 36.0 35.0 34.0 33.0 33.0 32.0 31.0 31.0 30.0 30.0 30.0 29.0 29.0 28.0 28.0 28.0 28.0 28.0 27.0 27.0 27.0 27.0 27.0 27.0 27.0 27.0 27.0 27.0 
71.0 65.0 56.0 50.0 46.0 43.0 41.0 39.0 38.0 37.0 36.0 35.0 34.0 34.0 33.0 32.0 32.0 31.0 31.0 30.0 30.0 30.0 29.0 29.0 29.0 28.0 28.0 28.0 28.0 28.0 27.0 27.0 27.0 27.0 27.0 27.0 27.0 27.0 
72.0 66.0 57.0 50.0 47.0 44.0 42.0 40.0 39.0 38.0 37.0 36.0 35.0 34.0 34.0 33.0 32.0 32.0 31.0 31.0 30.0 30.0 30.0 29.0 29.0 29.0 29.0 28.0 28.0 28.0 28.0 28.0 28.0 28.0 28.0 27.0 27.0 27.0 
73.0 67.0 58.0 51.0 47.0 44.0 42.0 41.0 39.0 38.0 37.0 36.0 35.0 35.0 34.0 33.0 33.0 32.0 32.0 31.0 31.0 30.0 30.0 30.0 29.0 29.0 29.0 29.0 29.0 28.0 28.0 28.0 28.0 28.0 28.0 28.0 28.0 28.0 
74.0 68.0 59.0 52.0 48.0 45.0 43.0 41.0 40.0 39.0 38.0 37.0 36.0 35.0 34.0 34.0 33.0 33.0 32.0 32.0 31.0 31.0 30.0 30.0 30.0 30.0 29.0 29.0 29.0 29.0 29.0 28.0 28.0 28.0 28.0 28.0 28.0 28.0 28.0 
75.0 69.0 60.0 53.0 49.0 46.0 44.0 42.0 41.0 39.0 38.0 37.0 37.0 36.0 35.0 34.0 34.0 33.0 33.0 32.0 32.0 31.0 31.0 30.0 30.0 30.0 30.0 29.0 29.0 29.0 29.0 29.0 29.0 29.0 28.0 28.0 28.0 28.0 28.0 
76.0 70.0 61.0 54.0 50.0 47.0 44.0 43.0 41.0 40.0 39.0 38.0 37.0 36.0 35.0 35.0 34.0 34.0 33.0 33.0 32.0 32.0 31.0 31.0 31.0 30.0 30.0 30.0 30.0 29.0 29.0 29.0 29.0 29.0 29.0 29.0 29.0 29.0 29.0 
77.0 71.0 62.0 55.0 50.0 47.0 45.0 43.0 42.0 41.0 39.0 38.0 38.0 37.0 36.0 35.0 35.0 34.0 34.0 33.0 32.0 32.0 32.0 31.0 31.0 31.0 30.0 30.0 30.0 30.0 30.0 29.0 29.0 29.0 29.0 29.0 29.0 29.0 29.0 
78.0 72.0 62.0 56.0 51.0 48.0 46.0 44.0 42.0 41.0 40.0 39.0 38.0 37.0 36.0 36.0 35.0 34.0 34.0 33.0 33.0 32.0 32.0 32.0 31.0 31.0 31.0 31.0 30.0 30.0 30.0 30.0 30.0 30.0 29.0 29.0 29.0 29.0 29.0 29.0 
78.0 73.0 63.0 56.0 52.0 49.0 46.0 44.0 43.0 42.0 40.0 39.0 39.0 38.0 37.0 36.0 36.0 35.0 34.0 34.0 33.0 33.0 33.0 32.0 32.0 31.0 31.0 31.0 31.0 30.0 30.0 30.0 30.0 30.0 30.0 30.0 30.0 30.0 30.0 30.0 
79.0 73.0 64.0 57.0 52.0 49.0 47.0 45.0 43.0 42.0 41.0 40.0 39.0 38.0 37.0 37.0 36.0 35.0 35.0 34.0 34.0 33.0 33.0 33.0 32.0 32.0 32.0 31.0 31.0 31.0 31.0 30.0 30.0 30.0 30.0 30.0 30.0 30.0 30.0 30.0 
80.0 74.0 65.0 58.0 53.0 50.0 47.0 46.0 44.0 43.0 41.0 40.0 40.0 39.0 38.0 37.0 36.0 36.0 35.0 35.0 34.0 34.0 33.0 33.0 33.0 32.0 32.0 32.0 31.0 31.0 31.0 31.0 31.0 30.0 30.0 30.0 30.0 30.0 30.0 30.0 
81.0 75.0 66.0 59.0 54.0 51.0 48.0 46.0 44.0 43.0 42.0 41.0 40.0 39.0 38.0 38.0 37.0 36.0 36.0 35.0 35.0 34.0 34.0 33.0 33.0 33.0 32.0 32.0 32.0 32.0 31.0 31.0 31.0 31.0 31.0 31.0 31.0 30.0 30.0 30.0 30.0 
82.0 76.0 67.0 60.0 54.0 51.0 49.0 47.0 45.0 44.0 43.0 41.0 40.0 40.0 39.0 38.0 37.0 37.0 36.0 36.0 35.0 35.0 34.0 34.0 33.0 33.0 33.0 32.0 32.0 32.0 32.0 31.0 31.0 31.0 31.0 31.0 31.0 31.0 31.0 31.0 31.0 
83.0 77.0 68.0 60.0 55.0 52.0 49.0 47.0 46.0 44.0 43.0 42.0 41.0 40.0 39.0 38.0 38.0 37.0 36.0 36.0 35.0 35.0 34.0 34.0 34.0 33.0 33.0 33.0 32.0 32.0 32.0 32.0 32.0 31.0 31.0 31.0 31.0 31.0 31.0 31.0 31.0 
83.0 78.0 68.0 61.0 56.0 53.0 50.0 48.0 46.0 45.0 44.0 42.0 41.0 41.0 40.0 39.0 38.0 38.0 37.0 36.0 36.0 35.0 35.0 34.0 34.0 34.0 33.0 33.0 33.0 33.0 32.0 32.0 32.0 32.0 32.0 32.0 31.0 31.0 31.0 31.0 31.0 
84.0 78.0 69.0 62.0 57.0 53.0 50.0 48.0 47.0 45.0 44.0 43.0 42.0 41.0 40.0 39.0 39.0 38.0 37.0 37.0 36.0 36.0 35.0 35.0 34.0 34.0 34.0 33.0 33.0 33.0 33.0 32.0 32.0 32.0 32.0 32.0 32.0 32.0 32.0 32.0 32.0 
85.0 79.0 70.0 63.0 57.0 54.0 51.0 49.0 47.0 46.0 45.0 43.0 42.0 41.0 41.0 40.0 39.0 38.0 38.0 37.0 37.0 36.0 36.0 35.0 35.0 34.0 34.0 34.0 34.0 33.0 33.0 33.0 33.0 32.0 32.0 32.0 32.0 32.0 32.0 32.0 32.0 32.0 
86.0 80.0 71.0 63.0 58.0 54.0 51.0 50.0 48.0 46.0 45.0 44.0 43.0 42.0 41.0 40.0 40.0 39.0 38.0 38.0 37.0 37.0 36.0 36.0 35.0 35.0 34.0 34.0 34.0 34.0 33.0 33.0 33.0 33.0 33.0 33.0 32.0 32.0 32.0 32.0 32.0 32.0 
87.0 81.0 72.0 64.0 59.0 55.0 52.0 50.0 48.0 47.0 46.0 44.0 43.0 42.0 41.0 41.0 40.0 39.0 39.0 38.0 38.0 37.0 36.0 36.0 36.0 35.0 35.0 35.0 34.0 34.0 34.0 34.0 33.0 33.0 33.0 33.0 33.0 33.0 33.0 33.0 33.0 33.0 
87.0 81.0 72.0 65.0 59.0 56.0 53.0 51.0 49.0 47.0 46.0 45.0 44.0 43.0 42.0 41.0 40.0 40.0 39.0 38.0 38.0 37.0 37.0 36.0 36.0 36.0 35.0 35.0 35.0 34.0 34.0 34.0 34.0 33.0 33.0 33.0 33.0 33.0 33.0 33.0 33.0 33.0 
88.0 82.0 73.0 65.0 60.0 56.0 53.0 51.0 49.0 48.0 46.0 45.0 44.0 43.0 42.0 42.0 41.0 40.0 39.0 39.0 38.0 38.0 37.0 37.0 36.0 36.0 36.0 35.0 35.0 35.0 34.0 34.0 34.0 34.0 34.0 33.0 33.0 33.0 33.0 33.0 33.0 33.0 
89.0 83.0 74.0 66.0 60.0 57.0 54.0 52.0 50.0 48.0 47.0 46.0 45.0 44.0 43.0 42.0 41.0 41.0 40.0 39.0 39.0 38.0 38.0 37.0 37.0 36.0 36.0 36.0 35.0 35.0 35.0 35.0 34.0 34.0 34.0 34.0 34.0 34.0 34.0 33.0 33.0 33.0 
89.0 83.0 75.0 67.0 61.0 57.0 54.0 52.0 50.0 49.0 47.0 46.0 45.0 44.0 43.0 42.0 42.0 41.0 40.0 40.0 39.0 39.0 38.0 38.0 37.0 37.0 36.0 36.0 36.0 35.0 35.0 35.0 35.0 34.0 34.0 34.0 34.0 34.0 34.0 34.0 34.0 34.0 34.0 
90.0 84.0 75.0 67.0 62.0 58.0 55.0 53.0 51.0 49.0 48.0 47.0 46.0 45.0 44.0 43.0 42.0 41.0 41.0 40.0 39.0 39.0 38.0 38.0 38.0 37.0 37.0 36.0 36.0 36.0 35.0 35.0 35.0 35.0 35.0 34.0 34.0 34.0 34.0 34.0 34.0 34.0 34.0 
91.0 85.0 76.0 68.0 62.0 59.0 55.0 53.0 51.0 50.0 48.0 47.0 46.0 45.0 44.0 43.0 42.0 42.0 41.0 40.0 40.0 39.0 39.0 38.0 38.0 37.0 37.0 37.0 36.0 36.0 36.0 36.0 35.0 35.0 35.0 35.0 35.0 35.0 34.0 34.0 34.0 34.0 34.0 
69.0 69.0 77.0 69.0 63.0 59.0 56.0 54.0 52.0 50.0 49.0 48.0 46.0 45.0 45.0 44.0 43.0 42.0 41.0 41.0 40.0 40.0 39.0 39.0 38.0 38.0 37.0 37.0 37.0 36.0 36.0 36.0 36.0 35.0 35.0 35.0 35.0 35.0 35.0 35.0 35.0 35.0 35.0 
69.0 69.0 77.0 69.0 64.0 60.0 56.0 54.0 52.0 51.0 49.0 48.0 47.0 46.0 45.0 44.0 43.0 43.0 42.0 41.0 41.0 40.0 40.0 39.0 39.0 38.0 38.0 37.0 37.0 37.0 36.0 36.0 36.0 36.0 36.0 35.0 35.0 35.0 35.0 35.0 35.0 35.0 35.0 
93.0 87.0 78.0 70.0 64.0 60.0 57.0 55.0 53.0 51.0 50.0 48.0 47.0 46.0 45.0 44.0 44.0 43.0 42.0 42.0 41.0 40.0 40.0 39.0 39.0 39.0 38.0 38.0 37.0 37.0 37.0 37.0 36.0 36.0 36.0 36.0 36.0 36.0 35.0 35.0 35.0 35.0 35.0 
93.0 87.0 78.0 70.0 65.0 61.0 58.0 55.0 53.0 52.0 50.0 49.0 48.0 47.0 46.0 45.0 44.0 43.0 43.0 42.0 41.0 41.0 40.0 40.0 39.0 39.0 38.0 38.0 38.0 38.0 37.0 37.0 37.0 36.0 36.0 36.0 36.0 36.0 36.0 36.0 36.0 36.0 36.0 
94.0 88.0 79.0 71.0 65.0 61.0 58.0 56.0 54.0 52.0 51.0 49.0 48.0 47.0 46.0 45.0 45.0 44.0 43.0 42.0 42.0 41.0 41.0 40.0 40.0 39.0 39.0 39.0 38.0 38.0 38.0 37.0 37.0 37.0 37.0 36.0 36.0 36.0 36.0 36.0 36.0 36.0 36.0 
94.0 89.0 80.0 72.0 66.0 62.0 59.0 56.0 54.0 52.0 51.0 50.0 49.0 48.0 47.0 46.0 45.0 44.0 43.0 43.0 42.0 42.0 41.0 41.0 40.0 40.0 39.0 39.0 39.0 38.0 38.0 38.0 37.0 37.0 37.0 37.0 37.0 37.0 36.0 36.0 36.0 36.0 36.0 
95.0 89.0 80.0 72.0 66.0 62.0 59.0 57.0 55.0 53.0 51.0 50.0 49.0 48.0 47.0 46.0 45.0 45.0 44.0 43.0 43.0 42.0 41.0 41.0 41.0 40.0 40.0 39.0 39.0 39.0 38.0 38.0 38.0 38.0 37.0 37.0 37.0 37.0 37.0 37.0 37.0 37.0 37.0 
96.0 90.0 81.0 73.0 67.0 63.0 60.0 57.0 55.0 53.0 52.0 51.0 49.0 48.0 47.0 46.0 46.0 45.0 44.0 44.0 43.0 42.0 42.0 41.0 41.0 40.0 40.0 40.0 39.0 39.0 39.0 38.0 38.0 38.0 38.0 37.0 37.0 37.0 37.0 37.0 37.0 37.0 37.0 
96.0 90.0 81.0 73.0 67.0 63.0 60.0 57.0 56.0 54.0 52.0 51.0 50.0 49.0 48.0 47.0 46.0 45.0 45.0 44.0 43.0 43.0 42.0 42.0 41.0 41.0 40.0 40.0 40.0 39.0 39.0 39.0 38.0 38.0 38.0 38.0 38.0 38.0 37.0 37.0 37.0 37.0 37.0 
97.0 91.0 82.0 74.0 68.0 64.0 60.0 58.0 56.0 54.0 53.0 51.0 50.0 49.0 48.0 47.0 47.0 46.0 45.0 44.0 44.0 43.0 43.0 42.0 42.0 41.0 41.0 40.0 40.0 40.0 39.0 39.0 39.0 39.0 38.0 38.0 38.0 38.0 38.0 38.0 38.0 38.0 38.0 38.0 
97.0 91.0 82.0 74.0 68.0 64.0 61.0 58.0 56.0 55.0 53.0 52.0 51.0 50.0 49.0 48.0 47.0 46.0 45.0 45.0 44.0 44.0 43.0 42.0 42.0 42.0 41.0 41.0 40.0 40.0 40.0 39.0 39.0 39.0 39.0 39.0 38.0 38.0 38.0 38.0 38.0 38.0 38.0 38.0 
98.0 92.0 83.0 75.0 69.0 65.0 61.0 59.0 57.0 55.0 54.0 52.0 51.0 50.0 49.0 48.0 47.0 47.0 46.0 45.0 45.0 44.0 43.0 43.0 42.0 42.0 41.0 41.0 41.0 40.0 40.0 40.0 40.0 39.0 39.0 39.0 39.0 39.0 38.0 38.0 38.0 38.0 38.0 38.0 
98.0 92.0 83.0 75.0 69.0 65.0 62.0 59.0 57.0 55.0 54.0 53.0 51.0 50.0 49.0 48.0 48.0 47.0 46.0 45.0 45.0 44.0 44.0 43.0 43.0 42.0 42.0 41.0 41.0 41.0 40.0 40.0 40.0 40.0 39.0 39.0 39.0 39.0 39.0 39.0 39.0 39.0 39.0 39.0 
99.0 93.0 84.0 76.0 70.0 66.0 62.0 60.0 58.0 56.0 54.0 53.0 52.0 51.0 50.0 49.0 48.0 47.0 47.0 46.0 45.0 45.0 44.0 44.0 43.0 43.0 42.0 42.0 41.0 41.0 41.0 40.0 40.0 40.0 40.0 40.0 39.0 39.0 39.0 39.0 39.0 39.0 39.0 39.0 
99.0 93.0 84.0 76.0 70.0 66.0 63.0 60.0 58.0 56.0 55.0 53.0 52.0 51.0 50.0 49.0 48.0 48.0 47.0 46.0 46.0 45.0 44.0 44.0 44.0 43.0 43.0 42.0 42.0 42.0 41.0 41.0 41.0 40.0 40.0 40.0 40.0 40.0 40.0 39.0 39.0 39.0 39.0 39.0 
100.0 94.0 85.0 77.0 71.0 66.0 63.0 60.0 58.0 57.0 55.0 54.0 53.0 52.0 51.0 50.0 49.0 48.0 47.0 47.0 46.0 45.0 45.0 44.0 44.0 43.0 43.0 43.0 42.0 42.0 42.0 41.0 41.0 41.0 41.0 40.0 40.0 40.0 40.0 40.0 40.0 40.0 40.0 40.0 
100.0 94.0 85.0 77.0 71.0 67.0 63.0 61.0 59.0 57.0 56.0 54.0 53.0 52.0 51.0 50.0 49.0 48.0 48.0 47.0 46.0 46.0 45.0 45.0 44.0 44.0 43.0 43.0 43.0 42.0 42.0 42.0 41.0 41.0 41.0 41.0 41.0 40.0 40.0 40.0 40.0 40.0 40.0 40.0 
100.0 94.0 86.0 77.0 72.0 67.0 64.0 61.0 59.0 57.0 56.0 55.0 53.0 52.0 51.0 50.0 50.0 49.0 48.0 47.0 47.0 46.0 46.0 45.0 45.0 44.0 44.0 43.0 43.0 43.0 42.0 42.0 42.0 42.0 41.0 41.0 41.0 41.0 41.0 41.0 41.0 40.0 40.0 40.0 
101.0 95.0 86.0 78.0 72.0 68.0 64.0 62.0 60.0 58.0 56.0 55.0 54.0 53.0 52.0 51.0 50.0 49.0 48.0 48.0 47.0 47.0 46.0 45.0 45.0 45.0 44.0 44.0 43.0 43.0 43.0 42.0 42.0 42.0 42.0 41.0 41.0 41.0 41.0 41.0 41.0 41.0 41.0 41.0 
101.0 95.0 86.0 78.0 72.0 68.0 65.0 62.0 60.0 58.0 57.0 55.0 54.0 53.0 52.0 51.0 50.0 50.0 49.0 48.0 48.0 47.0 46.0 46.0 45.0 45.0 44.0 44.0 44.0 43.0 43.0 43.0 43.0 42.0 42.0 42.0 42.0 42.0 41.0 41.0 41.0 41.0 41.0 41.0 
102.0 96.0 87.0 79.0 73.0 68.0 65.0 62.0 60.0 59.0 57.0 56.0 55.0 54.0 53.0 52.0 51.0 50.0 49.0 49.0 48.0 47.0 47.0 46.0 46.0 45.0 45.0 44.0 44.0 44.0 43.0 43.0 43.0 43.0 42.0 42.0 42.0 42.0 42.0 42.0 42.0 42.0 42.0 42.0 
102.0 96.0 87.0 79.0 73.0 69.0 65.0 63.0 61.0 59.0 57.0 56.0 55.0 54.0 53.0 52.0 51.0 50.0 50.0 49.0 48.0 48.0 47.0 47.0 46.0 46.0 45.0 45.0 44.0 44.0 44.0 44.0 43.0 43.0 43.0 43.0 42.0 42.0 42.0 42.0 42.0 42.0 42.0 42.0 
102.0 96.0 87.0 79.0 73.0 69.0 66.0 63.0 61.0 59.0 58.0 57.0 55.0 54.0 53.0 52.0 52.0 51.0 50.0 49.0 49.0 48.0 48.0 47.0 47.0 46.0 46.0 45.0 45.0 45.0 44.0 44.0 44.0 43.0 43.0 43.0 43.0 43.0 43.0 43.0 42.0 42.0 42.0 42.0 
103.0 97.0 88.0 80.0 74.0 69.0 66.0 63.0 61.0 60.0 58.0 57.0 56.0 55.0 54.0 53.0 52.0 51.0 50.0 50.0 49.0 48.0 48.0 47.0 47.0 46.0 46.0 46.0 45.0 45.0 45.0 44.0 44.0 44.0 44.0 43.0 43.0 43.0 43.0 43.0 43.0 43.0 43.0 43.0 
103.0 97.0 88.0 80.0 74.0 70.0 66.0 64.0 62.0 60.0 59.0 57.0 56.0 55.0 54.0 53.0 52.0 51.0 51.0 50.0 49.0 49.0 48.0 48.0 47.0 47.0 46.0 46.0 46.0 45.0 45.0 45.0 44.0 44.0 44.0 44.0 44.0 44.0 43.0 43.0 43.0 43.0 43.0 43.0 
103.0 97.0 88.0 80.0 74.0 70.0 67.0 64.0 62.0 60.0 59.0 58.0 56.0 55.0 54.0 53.0 53.0 52.0 51.0 50.0 50.0 49.0 49.0 48.0 48.0 47.0 47.0 46.0 46.0 46.0 45.0 45.0 45.0 45.0 44.0 44.0 44.0 44.0 44.0 44.0 44.0 44.0 44.0 44.0 
103.0 97.0 88.0 80.0 75.0 70.0 67.0 64.0 62.0 61.0 59.0 58.0 57.0 56.0 55.0 54.0 53.0 52.0 51.0 51.0 50.0 50.0 49.0 49.0 48.0 48.0 47.0 47.0 46.0 46.0 46.0 45.0 45.0 45.0 45.0 45.0 44.0 44.0 44.0 44.0 44.0 44.0 44.0 
104.0 98.0 89.0 81.0 75.0 71.0 67.0 65.0 63.0 61.0 60.0 58.0 57.0 56.0 55.0 54.0 53.0 53.0 52.0 51.0 51.0 50.0 49.0 49.0 48.0 48.0 48.0 47.0 47.0 46.0 46.0 46.0 46.0 45.0 45.0 45.0 45.0 45.0 45.0 44.0 44.0 44.0 44.0 
104.0 98.0 89.0 81.0 75.0 71.0 68.0 65.0 63.0 61.0 60.0 59.0 57.0 56.0 55.0 54.0 54.0 53.0 52.0 51.0 51.0 50.0 50.0 49.0 49.0 48.0 48.0 48.0 47.0 47.0 46.0 46.0 46.0 46.0 46.0 45.0 45.0 45.0 45.0 45.0 45.0 45.0 45.0 
104.0 98.0 89.0 81.0 75.0 71.0 68.0 65.0 63.0 62.0 60.0 59.0 58.0 57.0 56.0 55.0 54.0 53.0 53.0 52.0 51.0 51.0 50.0 50.0 49.0 49.0 48.0 48.0 48.0 47.0 47.0 47.0 46.0 46.0 46.0 46.0 46.0 45.0 45.0 45.0 45.0 45.0 45.0 
104.0 98.0 89.0 81.0 76.0 71.0 68.0 66.0 64.0 62.0 60.0 59.0 58.0 57.0 56.0 55.0 54.0 54.0 53.0 52.0 52.0 51.0 50.0 50.0 50.0 49.0 49.0 48.0 48.0 48.0 47.0 47.0 47.0 46.0 46.0 46.0 46.0 46.0 46.0 46.0 46.0 46.0 46.0 
104.0 99.0 90.0 81.0 76.0 72.0 68.0 66.0 64.0 62.0 61.0 59.0 58.0 57.0 56.0 55.0 55.0 54.0 53.0 53.0 52.0 51.0 51.0 50.0 50.0 49.0 49.0 49.0 48.0 48.0 48.0 47.0 47.0 47.0 47.0 47.0 46.0 46.0 46.0 46.0 46.0 46.0 46.0 
105.0 99.0 90.0 82.0 76.0 72.0 69.0 66.0 64.0 62.0 61.0 60.0 59.0 58.0 57.0 56.0 55.0 54.0 54.0 53.0 52.0 52.0 51.0 51.0 50.0 50.0 49.0 49.0 49.0 48.0 48.0 48.0 48.0 47.0 47.0 47.0 47.0 47.0 47.0 46.0 46.0 46.0 46.0 
82.0 82.0 90.0 82.0 76.0 72.0 69.0 66.0 64.0 63.0 61.0 60.0 59.0 58.0 57.0 56.0 55.0 55.0 54.0 53.0 53.0 52.0 51.0 51.0 51.0 50.0 50.0 49.0 49.0 49.0 48.0 48.0 48.0 48.0 47.0 47.0 47.0 47.0 47.0 47.0 47.0 47.0 47.0 
82.0 82.0 90.0 82.0 76.0 72.0 69.0 67.0 65.0 63.0 62.0 60.0 59.0 58.0 57.0 56.0 56.0 55.0 54.0 54.0 53.0 52.0 52.0 51.0 51.0 50.0 50.0 50.0 49.0 49.0 49.0 48.0 48.0 48.0 48.0 48.0 48.0 47.0 47.0 47.0 47.0 47.0 47.0 
105.0 99.0 90.0 82.0 76.0 72.0 69.0 67.0 65.0 63.0 62.0 61.0 59.0 58.0 58.0 57.0 56.0 55.0 54.0 54.0 53.0 53.0 52.0 52.0 51.0 51.0 50.0 50.0 50.0 49.0 49.0 49.0 49.0 48.0 48.0 48.0 48.0 48.0 48.0 48.0 48.0 48.0 48.0 
105.0 99.0 90.0 82.0 76.0 72.0 69.0 67.0 65.0 63.0 62.0 61.0 60.0 59.0 58.0 57.0 56.0 55.0 55.0 54.0 54.0 53.0 52.0 52.0 52.0 51.0 51.0 50.0 50.0 50.0 49.0 49.0 49.0 49.0 49.0 48.0 48.0 48.0 48.0 48.0 48.0 48.0 48.0 
105.0 99.0 90.0 82.0 76.0 73.0 69.0 67.0 65.0 64.0 62.0 61.0 60.0 59.0 58.0 57.0 56.0 56.0 55.0 54.0 54.0 53.0 53.0 52.0 52.0 51.0 51.0 51.0 50.0 50.0 50.0 50.0 49.0 49.0 49.0 49.0 49.0 48.0 48.0 48.0 48.0 48.0 
105.0 99.0 90.0 82.0 77.0 73.0 70.0 67.0 65.0 64.0 63.0 61.0 60.0 59.0 58.0 57.0 57.0 56.0 55.0 55.0 54.0 54.0 53.0 53.0 52.0 52.0 51.0 51.0 51.0 50.0 50.0 50.0 50.0 49.0 49.0 49.0 49.0 49.0 49.0 49.0 49.0 49.0 
105.0 99.0 90.0 82.0 77.0 73.0 70.0 68.0 66.0 64.0 63.0 61.0 60.0 59.0 59.0 58.0 57.0 56.0 56.0 55.0 54.0 54.0 53.0 53.0 52.0 52.0 52.0 51.0 51.0 51.0 50.0 50.0 50.0 50.0 50.0 49.0 49.0 49.0 49.0 49.0 49.0 49.0 
105.0 99.0 90.0 82.0 77.0 73.0 70.0 68.0 66.0 64.0 63.0 62.0 61.0 60.0 59.0 58.0 57.0 57.0 56.0 55.0 55.0 54.0 54.0 53.0 53.0 52.0 52.0 52.0 51.0 51.0 51.0 51.0 50.0 50.0 50.0 50.0 50.0 50.0 50.0 49.0 49.0 49.0 
105.0 99.0 90.0 82.0 77.0 73.0 70.0 68.0 66.0 64.0 63.0 62.0 61.0 60.0 59.0 58.0 57.0 57.0 56.0 56.0 55.0 54.0 54.0 53.0 53.0 53.0 52.0 52.0 52.0 51.0 51.0 51.0 51.0 50.0 50.0 50.0 50.0 50.0 50.0 50.0 50.0 50.0 
105.0 99.0 90.0 82.0 77.0 73.0 70.0 68.0 66.0 65.0 63.0 62.0 61.0 60.0 59.0 58.0 58.0 57.0 56.0 56.0 55.0 55.0 54.0 54.0 53.0 53.0 53.0 52.0 52.0 52.0 51.0 51.0 51.0 51.0 51.0 50.0 50.0 50.0 50.0 50.0 50.0 50.0 
105.0 99.0 90.0 82.0 77.0 73.0 70.0 68.0 66.0 65.0 63.0 62.0 61.0 60.0 59.0 59.0 58.0 57.0 57.0 56.0 55.0 55.0 54.0 54.0 54.0 53.0 53.0 53.0 52.0 52.0 52.0 51.0 51.0 51.0 51.0 51.0 51.0 51.0 51.0 51.0 51.0 
105.0 99.0 90.0 82.0 77.0 73.0 70.0 68.0 66.0 65.0 64.0 62.0 61.0 60.0 60.0 59.0 58.0 57.0 57.0 56.0 56.0 55.0 55.0 54.0 54.0 53.0 53.0 53.0 52.0 52.0 52.0 52.0 52.0 51.0 51.0 51.0 51.0 51.0 51.0 51.0 51.0 
105.0 99.0 89.0 82.0 76.0 73.0 70.0 68.0 66.0 65.0 64.0 62.0 62.0 61.0 60.0 59.0 58.0 58.0 57.0 56.0 56.0 55.0 55.0 54.0 54.0 54.0 53.0 53.0 53.0 52.0 52.0 52.0 52.0 52.0 52.0 51.0 51.0 51.0 51.0 51.0 51.0 
104.0 98.0 89.0 82.0 76.0 73.0 70.0 68.0 66.0 65.0 64.0 63.0 62.0 61.0 60.0 59.0 58.0 58.0 57.0 57.0 56.0 56.0 55.0 55.0 54.0 54.0 54.0 53.0 53.0 53.0 53.0 52.0 52.0 52.0 52.0 52.0 52.0 52.0 52.0 51.0 51.0 
104.0 98.0 89.0 82.0 76.0 73.0 70.0 68.0 66.0 65.0 64.0 63.0 62.0 61.0 60.0 59.0 59.0 58.0 57.0 57.0 56.0 56.0 55.0 55.0 55.0 54.0 54.0 54.0 53.0 53.0 53.0 53.0 52.0 52.0 52.0 52.0 52.0 52.0 52.0 52.0 52.0 
104.0 98.0 89.0 82.0 76.0 73.0 70.0 68.0 67.0 65.0 64.0 63.0 62.0 61.0 60.0 60.0 59.0 58.0 58.0 57.0 57.0 56.0 56.0 55.0 55.0 54.0 54.0 54.0 53.0 53.0 53.0 53.0 53.0 53.0 52.0 52.0 52.0 52.0 52.0 52.0 
104.0 98.0 88.0 81.0 76.0 73.0 70.0 68.0 67.0 65.0 64.0 63.0 62.0 61.0 60.0 60.0 59.0 58.0 58.0 57.0 57.0 56.0 56.0 55.0 55.0 55.0 54.0 54.0 54.0 53.0 53.0 53.0 53.0 53.0 53.0 53.0 52.0 52.0 52.0 52.0 
103.0 97.0 88.0 81.0 76.0 73.0 70.0 68.0 67.0 65.0 64.0 63.0 62.0 61.0 60.0 60.0 59.0 58.0 58.0 57.0 57.0 56.0 56.0 56.0 55.0 55.0 54.0 54.0 54.0 54.0 53.0 53.0 53.0 53.0 53.0 53.0 53.0 53.0 53.0 53.0 
103.0 97.0 88.0 81.0 76.0 72.0 70.0 68.0 67.0 65.0 64.0 63.0 62.0 61.0 61.0 60.0 59.0 59.0 58.0 57.0 57.0 57.0 56.0 56.0 55.0 55.0 55.0 54.0 54.0 54.0 54.0 54.0 53.0 53.0 53.0 53.0 53.0 53.0 53.0 53.0 
103.0 97.0 88.0 81.0 76.0 72.0 70.0 68.0 67.0 65.0 64.0 63.0 62.0 61.0 61.0 60.0 59.0 59.0 58.0 58.0 57.0 57.0 56.0 56.0 56.0 55.0 55.0 55.0 54.0 54.0 54.0 54.0 54.0 54.0 53.0 53.0 53.0 53.0 53.0 53.0 
102.0 96.0 87.0 80.0 75.0 72.0 70.0 68.0 67.0 65.0 64.0 63.0 62.0 61.0 61.0 60.0 59.0 59.0 58.0 58.0 57.0 57.0 56.0 56.0 56.0 55.0 55.0 55.0 55.0 54.0 54.0 54.0 54.0 54.0 54.0 54.0 54.0 53.0 53.0 
102.0 96.0 87.0 80.0 75.0 72.0 70.0 68.0 66.0 65.0 64.0 63.0 62.0 61.0 61.0 60.0 59.0 59.0 58.0 58.0 57.0 57.0 57.0 56.0 56.0 55.0 55.0 55.0 55.0 54.0 54.0 54.0 54.0 54.0 54.0 54.0 54.0 54.0 54.0 
102.0 96.0 86.0 79.0 75.0 72.0 70.0 68.0 66.0 65.0 64.0 63.0 62.0 61.0 61.0 60.0 59.0 59.0 58.0 58.0 57.0 57.0 57.0 56.0 56.0 56.0 55.0 55.0 55.0 55.0 54.0 54.0 54.0 54.0 54.0 54.0 54.0 54.0 54.0 
101.0 95.0 86.0 79.0 75.0 72.0 69.0 68.0 66.0 65.0 64.0 63.0 62.0 61.0 61.0 60.0 59.0 59.0 58.0 58.0 57.0 57.0 57.0 56.0 56.0 56.0 55.0 55.0 55.0 55.0 55.0 54.0 54.0 54.0 54.0 54.0 54.0 54.0 
101.0 95.0 85.0 79.0 74.0 71.0 69.0 68.0 66.0 65.0 64.0 63.0 62.0 61.0 61.0 60.0 60.0 59.0 59.0 58.0 58.0 57.0 57.0 56.0 56.0 56.0 56.0 55.0 55.0 55.0 55.0 55.0 55.0 54.0 54.0 54.0 54.0 54.0 
100.0 94.0 85.0 78.0 74.0 71.0 69.0 67.0 66.0 65.0 64.0 63.0 62.0 61.0 61.0 60.0 60.0 59.0 59.0 58.0 58.0 57.0 57.0 57.0 56.0 56.0 56.0 55.0 55.0 55.0 55.0 55.0 55.0 55.0 55.0 55.0 54.0 54.0 
100.0 94.0 84.0 78.0 74.0 71.0 69.0 67.0 66.0 65.0 64.0 63.0 62.0 61.0 61.0 60.0 59.0 59.0 58.0 58.0 58.0 57.0 57.0 57.0 56.0 56.0 56.0 56.0 55.0 55.0 55.0 55.0 55.0 55.0 55.0 55.0 55.0 
99.0 93.0 84.0 77.0 73.0 70.0 69.0 67.0 66.0 65.0 64.0 63.0 62.0 61.0 61.0 60.0 59.0 59.0 58.0 58.0 58.0 57.0 57.0 57.0 56.0 56.0 56.0 56.0 55.0 55.0 55.0 55.0 55.0 55.0 55.0 55.0 55.0 
98.0 92.0 83.0 77.0 73.0 70.0 68.0 67.0 66.0 64.0 63.0 63.0 62.0 61.0 61.0 60.0 59.0 59.0 58.0 58.0 58.0 57.0 57.0 57.0 56.0 56.0 56.0 56.0 55.0 55.0 55.0 55.0 55.0 55.0 55.0 55.0 55.0 
98.0 92.0 82.0 76.0 73.0 70.0 68.0 67.0 65.0 64.0 63.0 63.0 62.0 61.0 60.0 60.0 59.0 59.0 58.0 58.0 58.0 57.0 57.0 57.0 56.0 56.0 56.0 56.0 56.0 55.0 55.0 55.0 55.0 55.0 55.0 55.0 
97.0 91.0 82.0 76.0 72.0 69.0 68.0 66.0 65.0 64.0 63.0 62.0 62.0 61.0 60.0 60.0 59.0 59.0 58.0 58.0 58.0 57.0 57.0 57.0 56.0 56.0 56.0 56.0 55.0 55.0 55.0 55.0 55.0 55.0 55.0 55.0 
96.0 90.0 81.0 75.0 71.0 69.0 67.0 66.0 65.0 64.0 63.0 62.0 61.0 61.0 60.0 60.0 59.0 59.0 58.0 58.0 57.0 57.0 57.0 56.0 56.0 56.0 56.0 56.0 55.0 55.0 55.0 55.0 55.0 55.0 55.0 55.0 
95.0 89.0 80.0 74.0 71.0 69.0 67.0 66.0 64.0 63.0 63.0 62.0 61.0 60.0 60.0 59.0 59.0 58.0 58.0 58.0 57.0 57.0 57.0 56.0 56.0 56.0 56.0 56.0 55.0 55.0 55.0 55.0 55.0 55.0 55.0 
94.0 89.0 79.0 74.0 70.0 68.0 67.0 65.0 64.0 63.0 62.0 62.0 61.0 60.0 60.0 59.0 59.0 58.0 58.0 57.0 57.0 57.0 57.0 56.0 56.0 56.0 56.0 55.0 55.0 55.0 55.0 55.0 55.0 55.0 55.0 
94.0 88.0 78.0 73.0 70.0 68.0 66.0 65.0 64.0 63.0 62.0 61.0 61.0 60.0 59.0 59.0 58.0 58.0 58.0 57.0 57.0 57.0 56.0 56.0 56.0 56.0 56.0 55.0 55.0 55.0 55.0 55.0 55.0 55.0 55.0 
92.0 87.0 77.0 72.0 69.0 67.0 65.0 64.0 63.0 62.0 61.0 61.0 60.0 60.0 59.0 59.0 58.0 58.0 57.0 57.0 57.0 56.0 56.0 56.0 56.0 55.0 55.0 55.0 55.0 55.0 55.0 55.0 55.0 55.0 
91.0 86.0 76.0 71.0 68.0 66.0 65.0 64.0 63.0 62.0 61.0 60.0 60.0 59.0 59.0 58.0 58.0 57.0 57.0 57.0 56.0 56.0 56.0 56.0 55.0 55.0 55.0 55.0 55.0 55.0 55.0 55.0 55.0 55.0 
90.0 84.0 75.0 70.0 68.0 66.0 64.0 63.0 62.0 61.0 61.0 60.0 59.0 59.0 58.0 58.0 57.0 57.0 57.0 56.0 56.0 56.0 56.0 55.0 55.0 55.0 55.0 55.0 55.0 55.0 55.0 55.0 55.0 
89.0 83.0 74.0 69.0 67.0 65.0 64.0 62.0 62.0 61.0 60.0 59.0 59.0 58.0 58.0 57.0 57.0 57.0 56.0 56.0 56.0 55.0 55.0 55.0 55.0 55.0 55.0 54.0 54.0 54.0 54.0 54.0 54.0 
88.0 82.0 73.0 68.0 66.0 64.0 63.0 62.0 61.0 60.0 59.0 59.0 58.0 58.0 57.0 57.0 56.0 56.0 56.0 55.0 55.0 55.0 55.0 55.0 54.0 54.0 54.0 54.0 54.0 54.0 54.0 54.0 
65.0 65.0 65.0 67.0 65.0 63.0 62.0 61.0 60.0 59.0 59.0 58.0 58.0 57.0 57.0 56.0 56.0 56.0 55.0 55.0 55.0 55.0 54.0 54.0 54.0 54.0 54.0 54.0 54.0 54.0 54.0 54.0 
64.0 64.0 64.0 66.0 64.0 62.0 61.0 60.0 59.0 59.0 58.0 57.0 57.0 56.0 56.0 56.0 55.0 55.0 55.0 54.0 54.0 54.0 54.0 54.0 54.0 53.0 53.0 53.0 53.0 53.0 53.0 
64.0 64.0 64.0 66.0 64.0 62.0 61.0 60.0 59.0 58.0 57.0 57.0 56.0 56.0 55.0 55.0 55.0 54.0 54.0 54.0 54.0 53.0 53.0 53.0 53.0 53.0 53.0 53.0 53.0 53.0 53.0 
62.0 62.0 62.0 65.0 62.0 61.0 60.0 59.0 58.0 57.0 57.0 56.0 55.0 55.0 55.0 54.0 54.0 54.0 53.0 53.0 53.0 53.0 53.0 52.0 52.0 52.0 52.0 52.0 52.0 52.0 
74.0 69.0 64.0 61.0 60.0 59.0 58.0 57.0 56.0 56.0 55.0 55.0 54.0 54.0 53.0 53.0 53.0 53.0 52.0 52.0 52.0 52.0 52.0 52.0 52.0 52.0 52.0 51.0 51.0 
72.0 67.0 62.0 60.0 58.0 57.0 56.0 56.0 55.0 54.0 54.0 54.0 53.0 53.0 52.0 52.0 52.0 52.0 51.0 51.0 51.0 51.0 51.0 51.0 51.0 51.0 51.0 51.0 
70.0 66.0 61.0 58.0 57.0 56.0 55.0 54.0 54.0 53.0 53.0 52.0 52.0 52.0 51.0 51.0 51.0 51.0 50.0 50.0 50.0 50.0 50.0 50.0 50.0 50.0 50.0 50.0 
68.0 64.0 59.0 57.0 56.0 55.0 54.0 53.0 53.0 52.0 52.0 51.0 51.0 51.0 50.0 50.0 50.0 50.0 49.0 49.0 49.0 49.0 49.0 49.0 49.0 49.0 49.0 
66.0 61.0 57.0 55.0 54.0 53.0 52.0 52.0 51.0 51.0 50.0 50.0 49.0 49.0 49.0 49.0 48.0 48.0 48.0 48.0 48.0 48.0 48.0 48.0 48.0 48.0 
64.0 59.0 55.0 53.0 52.0 51.0 51.0 50.0 50.0 49.0 49.0 48.0 48.0 48.0 48.0 47.0 47.0 47.0 47.0 47.0 47.0 47.0 47.0 47.0 47.0 
61.0 57.0 53.0 51.0 50.0 49.0 49.0 48.0 48.0 47.0 47.0 47.0 46.0 46.0 46.0 46.0 46.0 45.0 45.0 45.0 45.0 45.0 45.0 45.0 
59.0 54.0 51.0 49.0 48.0 47.0 47.0 46.0 46.0 46.0 45.0 45.0 45.0 44.0 44.0 44.0 44.0 44.0 44.0 44.0 44.0 44.0 44.0 44.0 
56.0 52.0 48.0 47.0 46.0 45.0 45.0 44.0 44.0 44.0 43.0 43.0 43.0 43.0 43.0 42.0 42.0 42.0 42.0 42.0 42.0 42.0 42.0 
53.0 49.0 46.0 45.0 44.0 43.0 43.0 42.0 42.0 42.0 41.0 41.0 41.0 41.0 41.0 41.0 40.0 40.0 40.0 40.0 40.0 40.0 
51.0 47.0 44.0 43.0 42.0 41.0 41.0 40.0 40.0 40.0 39.0 39.0 39.0 39.0 39.0 39.0 39.0 39.0 38.0 38.0 38.0 
47.0 44.0 41.0 40.0 39.0 39.0 38.0 38.0 38.0 37.0 37.0 37.0 37.0 37.0 37.0 37.0 36.0 36.0 36.0 36.0 
44.0 41.0 38.0 37.0 37.0 36.0 36.0 35.0 35.0 35.0 35.0 35.0 34.0 34.0 34.0 34.0 34.0 34.0 
41.0 38.0 35.0 35.0 34.0 34.0 33.0 33.0 33.0 33.0 32.0 32.0 32.0 32.0 32.0 32.0 32.0 
38.0 34.0 33.0 32.0 31.0 31.0 31.0 30.0 30.0 30.0 30.0 30.0 30.0 30.0 30.0 30.0 
35.0 31.0 30.0 29.0 29.0 28.0 28.0 28.0 28.0 28.0 28.0 28.0 27.0 27.0 
32.0 29.0 27.0 27.0 26.0 26.0 26.0 26.0 25.0 25.0 25.0 25.0 25.0 
28.0 25.0 24.0 24.0 24.0 23.0 23.0 23.0 23.0 23.0 23.0 
25.0 22.0 21.0 21.0 21.0 21.0 21.0 20.0 20.0 
23.0 20.0 19.0 19.0 19.0 19.0 19.0 19.0 
23.0 20.0 17.0 16.0 16.0 16.0 
20.0 20.0 
