-9.37 -5.24 -1.76 
-24.11 -22.65 -15.86 -9.00 -2.51 0.00 
-35.17 -33.09 -24.22 -16.98 -10.48 -4.17 0.00 
-42.87 -40.89 -31.04 -23.67 -17.24 -10.99 -4.76 0.00 
-51.87 -51.01 -42.01 -33.84 -27.26 -20.98 -14.81 -8.66 -2.54 0.00 
-58.47 -55.95 -45.69 -38.42 -32.00 -25.77 -19.61 -13.48 -7.36 -1.28 0.00 
-65.14 -62.70 -52.42 -45.10 -38.63 -32.39 -26.24 -20.11 -13.99 -7.88 -1.81 0.00 
-71.43 -70.08 -60.80 -52.98 -46.43 -40.13 -33.95 -27.83 -21.71 -15.61 -9.50 -3.41 0.00 
-76.74 -73.45 -63.59 -56.52 -50.06 -43.82 -37.66 -31.54 -25.44 -19.34 -13.25 -7.14 -1.08 0.00 
-82.29 -79.09 -69.23 -62.10 -55.65 -49.40 -43.24 -37.12 -31.00 -24.90 -18.81 -12.73 -6.64 -0.59 0.00 
-87.73 -84.62 -74.76 -67.58 -61.13 -54.87 -48.68 -42.55 -36.46 -30.38 -24.28 -18.18 -12.10 -6.00 0.00 
-92.60 -89.58 -79.70 -72.47 -66.02 -59.73 -53.53 -47.43 -41.34 -35.23 -29.14 -23.08 -16.99 -10.89 -4.81 0.00 
-97.46 -94.53 -84.65 -77.36 -70.87 -64.58 -58.42 -52.30 -46.19 -40.09 -34.03 -27.94 -21.85 -15.79 -9.70 -3.61 0.00 
-102.35 -99.53 -89.64 -82.34 -75.80 -69.54 -63.38 -57.23 -51.11 -45.05 -38.96 -32.87 -26.81 -20.72 -14.65 -8.57 -2.50 0.00 
-107.08 -104.36 -94.44 -87.16 -80.61 -74.35 -68.16 -62.00 -55.91 -49.82 -43.73 -37.67 -31.59 -25.51 -19.44 -13.35 -7.29 -1.25 0.00 
-111.56 -108.93 -98.96 -91.69 -85.15 -78.88 -72.65 -66.50 -60.41 -54.31 -48.25 -42.17 -36.09 -30.03 -23.94 -17.88 -11.80 -5.71 0.00 
-115.64 -113.09 -103.09 -95.84 -89.29 -82.99 -76.75 -70.63 -64.52 -58.41 -52.35 -46.27 -40.21 -34.14 -28.07 -22.00 -15.92 -9.85 -3.77 0.00 
-119.24 -118.06 -109.93 -102.04 -95.34 -88.94 -82.74 -76.58 -70.45 -64.37 -58.28 -52.21 -46.14 -40.07 -34.00 -27.93 -21.86 -15.79 -9.72 -3.65 0.00 
-121.65 -117.68 -108.73 -101.66 -95.22 -88.94 -82.73 -76.62 -70.50 -64.42 -58.34 -52.26 -46.20 -40.13 -34.07 -28.00 -21.93 -15.86 -9.79 -3.72 0.00 
-125.10 -121.15 -112.22 -105.16 -98.72 -92.41 -86.19 -80.09 -73.96 -67.88 -61.81 -55.74 -49.67 -43.61 -37.54 -31.47 -25.41 -19.34 -13.27 -7.20 -1.18 0.00 
-128.54 -124.63 -115.71 -108.66 -102.21 -95.88 -89.67 -83.56 -77.43 -71.35 -65.27 -59.21 -53.14 -47.08 -41.01 -34.95 -28.88 -22.81 -16.75 -10.68 -4.60 0.00 
-131.44 -127.56 -118.64 -111.61 -105.13 -98.80 -92.62 -86.48 -80.36 -74.28 -68.19 -62.13 -56.07 -50.00 -43.94 -37.87 -31.81 -25.74 -19.67 -13.61 -7.54 -1.51 0.00 
-134.32 -130.47 -121.56 -114.54 -108.05 -101.71 -95.55 -89.39 -83.28 -77.19 -71.10 -65.04 -58.97 -52.92 -46.85 -40.79 -34.72 -28.66 -22.59 -16.53 -10.46 -4.38 0.00 
-137.21 -133.39 -124.49 -117.48 -110.96 -104.62 -98.46 -92.31 -86.19 -80.10 -74.02 -67.95 -61.89 -55.83 -49.76 -43.70 -37.64 -31.58 -25.51 -19.45 -13.38 -7.30 -1.29 0.00 
-139.66 -135.87 -126.98 -119.98 -113.43 -107.09 -100.94 -94.78 -88.67 -82.58 -76.49 -70.43 -64.36 -58.31 -52.24 -46.18 -40.11 -34.05 -27.99 -21.91 -15.86 -9.78 -3.73 0.00 
-142.07 -138.30 -129.42 -122.44 -115.87 -109.53 -103.37 -97.21 -91.10 -85.01 -78.93 -72.87 -66.80 -60.74 -54.67 -48.60 -42.55 -36.48 -30.43 -24.35 -18.30 -12.23 -6.17 -0.17 0.00 
-144.48 -140.74 -131.87 -124.89 -118.30 -111.96 -105.81 -99.65 -93.54 -87.45 -81.36 -75.30 -69.23 -63.16 -57.11 -51.04 -44.99 -38.92 -32.87 -26.79 -20.73 -14.67 -8.59 -2.56 0.00 
-146.69 -142.97 -134.11 -127.13 -120.53 -114.21 -108.04 -101.88 -95.77 -89.68 -83.60 -77.52 -71.46 -65.39 -59.34 -53.27 -47.22 -41.15 -35.09 -29.03 -22.95 -16.90 -10.83 -4.76 0.00 
-148.70 -145.01 -136.16 -129.17 -122.56 -116.26 -110.08 -103.92 -97.82 -91.72 -85.64 -79.55 -73.51 -67.43 -61.38 -55.31 -49.26 -43.19 -37.12 -31.07 -24.99 -18.95 -12.87 -6.82 -0.81 0.00 
-150.72 -147.05 -138.21 -131.21 -124.61 -118.33 -112.13 -105.97 -99.86 -93.75 -87.68 -81.59 -75.55 -69.47 -63.43 -57.35 -51.29 -45.23 -39.16 -33.12 -27.04 -20.99 -14.92 -8.84 -2.82 0.00 
-152.74 -149.10 -140.27 -133.25 -126.65 -120.38 -114.17 -108.00 -101.90 -95.78 -89.72 -83.63 -77.58 -71.51 -65.46 -59.39 -53.32 -47.28 -41.20 -35.16 -29.08 -23.01 -16.96 -10.89 -4.83 0.00 
-154.53 -150.91 -142.09 -135.05 -128.46 -122.20 -115.98 -109.81 -103.71 -97.59 -91.54 -85.45 -79.40 -73.33 -67.26 -61.21 -55.13 -49.09 -43.02 -36.96 -30.90 -24.82 -18.78 -12.70 -6.66 -0.65 0.00 
-156.23 -152.64 -143.83 -136.78 -130.18 -123.93 -117.71 -111.54 -105.44 -99.32 -93.27 -87.17 -81.13 -75.05 -68.97 -62.94 -56.86 -50.82 -44.74 -38.67 -32.63 -26.55 -20.51 -14.43 -8.37 -2.35 0.00 
-157.93 -154.36 -145.57 -138.51 -131.90 -125.66 -119.44 -113.27 -107.17 -101.05 -94.99 -88.90 -82.85 -76.78 -70.69 -64.66 -58.58 -52.54 -46.47 -40.39 -34.36 -28.28 -22.23 -16.16 -10.09 -4.05 0.00 
-159.64 -156.09 -147.30 -140.24 -133.63 -127.38 -121.16 -115.00 -108.90 -102.78 -96.72 -90.63 -84.56 -78.50 -72.42 -66.39 -60.31 -54.25 -48.20 -42.12 -36.08 -30.01 -23.94 -17.89 -11.82 -5.75 0.00 
-161.23 -157.70 -148.93 -141.85 -135.24 -129.00 -122.77 -116.61 -110.51 -104.39 -98.33 -92.24 -86.15 -80.11 -74.03 -68.00 -61.92 -55.85 -49.81 -43.73 -37.69 -31.62 -25.54 -19.51 -13.43 -7.38 -1.37 0.00 
-162.69 -159.18 -150.42 -143.32 -136.72 -130.48 -124.25 -118.09 -111.99 -105.88 -99.81 -93.73 -87.62 -81.60 -75.51 -69.48 -63.40 -57.32 -51.29 -45.21 -39.16 -33.10 -27.02 -20.99 -14.91 -8.85 -2.82 0.00 
-164.14 -160.66 -151.91 -144.81 -138.20 -131.96 -125.74 -119.57 -113.47 -107.35 -101.28 -95.21 -89.10 -83.08 -76.99 -70.94 -64.88 -58.80 -52.77 -46.69 -40.62 -34.58 -28.50 -22.47 -16.40 -10.32 -4.28 0.00 
-165.60 -162.14 -153.40 -146.30 -139.67 -133.45 -127.22 -121.06 -114.96 -108.84 -102.75 -96.68 -90.58 -84.56 -78.47 -72.41 -66.36 -60.28 -54.25 -48.17 -42.09 -36.06 -29.98 -23.93 -17.88 -11.80 -5.74 0.00 
-167.06 -163.62 -154.88 -147.78 -141.17 -134.93 -128.70 -122.54 -116.43 -110.32 -104.22 -98.16 -92.07 -86.04 -79.95 -73.88 -67.84 -61.76 -55.72 -49.65 -43.57 -37.54 -31.46 -25.40 -19.36 -13.28 -7.25 -1.23 0.00 
-168.38 -164.97 -156.22 -149.11 -142.52 -136.27 -130.04 -123.88 -117.77 -111.66 -105.54 -99.50 -93.41 -87.38 -81.29 -75.20 -69.18 -63.10 -57.04 -50.99 -44.91 -38.88 -32.80 -26.72 -20.70 -14.62 -8.57 -2.55 0.00 
-169.64 -166.25 -157.49 -150.38 -143.82 -137.55 -131.31 -125.17 -119.05 -112.95 -106.81 -100.79 -94.69 -88.65 -82.58 -76.48 -70.46 -64.38 -58.31 -52.27 -46.19 -40.15 -34.08 -28.00 -21.98 -15.90 -9.84 -3.81 0.00 
-170.89 -167.52 -158.77 -151.66 -145.11 -138.83 -132.60 -126.44 -120.33 -114.23 -108.09 -102.07 -95.96 -89.92 -83.86 -77.76 -71.74 -65.66 -59.57 -53.55 -47.46 -41.41 -35.36 -29.28 -23.25 -17.18 -11.11 -5.07 0.00 
-172.15 -168.79 -160.06 -152.94 -146.40 -140.11 -133.88 -127.72 -121.60 -115.50 -109.37 -103.35 -97.25 -91.19 -85.13 -79.04 -73.02 -66.93 -60.84 -54.83 -48.74 -42.68 -36.64 -30.56 -24.52 -18.47 -12.39 -6.37 -0.37 0.00 
-173.41 -170.06 -161.35 -154.22 -147.70 -141.39 -135.16 -129.01 -122.87 -116.78 -110.66 -104.63 -98.53 -92.45 -86.41 -80.32 -74.28 -68.21 -62.12 -56.11 -50.02 -43.94 -37.92 -31.84 -25.79 -19.75 -13.67 -7.64 -1.62 0.00 
-174.58 -171.24 -162.55 -155.40 -148.91 -142.58 -136.34 -130.20 -124.04 -117.97 -111.85 -105.81 -99.72 -93.63 -87.60 -81.51 -75.46 -69.40 -63.31 -57.29 -51.21 -45.12 -39.11 -33.03 -26.96 -20.93 -14.86 -8.81 -2.79 0.00 
-175.66 -172.33 -163.66 -156.49 -150.02 -143.69 -137.45 -131.30 -125.13 -119.08 -112.95 -106.92 -100.82 -94.72 -88.70 -82.61 -76.55 -70.50 -64.41 -58.38 -52.31 -46.22 -40.21 -34.13 -28.05 -22.04 -15.96 -9.90 -3.87 0.00 
-176.74 -173.43 -164.77 -157.59 -151.14 -144.79 -138.55 -132.41 -126.22 -120.18 -114.05 -108.02 -101.93 -95.81 -89.81 -83.71 -77.64 -71.61 -65.51 -59.47 -53.41 -47.33 -41.30 -35.23 -29.15 -23.14 -17.06 -10.99 -4.96 0.00 
-177.82 -174.52 -165.88 -158.69 -152.25 -145.90 -139.64 -133.51 -127.33 -121.29 -115.15 -109.12 -103.03 -96.91 -90.91 -84.81 -78.73 -72.71 -66.61 -60.56 -54.51 -48.43 -42.39 -36.33 -30.25 -24.23 -18.17 -12.09 -6.08 -0.08 0.00 
-178.90 -175.61 -166.99 -159.80 -153.37 -147.00 -140.73 -134.61 -128.43 -122.38 -116.26 -110.21 -104.13 -98.02 -92.01 -85.92 -79.82 -73.81 -67.72 -61.65 -55.61 -49.53 -43.48 -37.43 -31.35 -25.32 -19.27 -13.19 -7.17 -1.16 0.00 
-179.98 -176.70 -168.10 -160.90 -154.47 -148.10 -141.83 -135.71 -129.54 -123.49 -117.36 -111.30 -105.23 -99.12 -93.11 -87.02 -80.91 -74.91 -68.82 -62.74 -56.71 -50.63 -44.57 -38.53 -32.45 -26.41 -20.37 -14.29 -8.26 -2.24 0.00 
-180.90 -177.63 -169.04 -161.82 -155.41 -149.04 -142.76 -136.65 -130.47 -124.42 -118.30 -112.22 -106.17 -100.06 -94.04 -87.95 -81.85 -75.84 -69.75 -63.66 -57.65 -51.56 -45.49 -39.47 -33.38 -27.33 -21.30 -15.23 -9.18 -3.16 0.00 
-181.81 -178.55 -169.98 -162.76 -156.35 -149.97 -143.70 -137.58 -131.40 -125.36 -119.24 -113.15 -107.11 -100.99 -94.96 -88.89 -82.78 -76.77 -70.69 -64.59 -58.58 -52.49 -46.41 -40.40 -34.32 -28.25 -22.23 -16.16 -10.11 -4.08 0.00 
-182.71 -179.47 -170.91 -163.70 -157.28 -150.90 -144.63 -138.52 -132.34 -126.30 -120.17 -114.08 -108.04 -101.92 -95.89 -89.82 -83.71 -77.70 -71.62 -65.52 -59.51 -53.43 -47.34 -41.33 -35.25 -29.18 -23.16 -17.09 -11.03 -5.00 0.00 
-183.61 -180.38 -171.85 -164.64 -158.22 -151.84 -145.57 -139.45 -133.28 -127.24 -121.11 -115.01 -108.97 -102.86 -96.82 -90.76 -84.65 -78.62 -72.55 -66.45 -60.43 -54.36 -48.27 -42.26 -36.19 -30.10 -24.10 -18.03 -11.96 -5.92 0.00 
-184.52 -181.30 -172.79 -165.59 -159.15 -152.77 -146.51 -140.39 -134.22 -128.17 -122.04 -115.94 -109.91 -103.80 -97.74 -91.69 -85.58 -79.55 -73.48 -67.38 -61.36 -55.29 -49.20 -43.18 -37.12 -31.04 -25.02 -18.96 -12.89 -6.88 -0.87 0.00 
-185.37 -182.16 -173.67 -166.49 -160.04 -153.66 -147.40 -141.27 -135.11 -129.05 -122.93 -116.81 -110.79 -104.69 -98.62 -92.58 -86.47 -80.42 -74.37 -68.27 -62.23 -56.18 -50.09 -44.06 -38.00 -31.92 -25.90 -19.85 -13.77 -7.75 -1.74 0.00 
-186.11 -182.91 -174.44 -167.26 -160.81 -154.42 -148.16 -142.04 -135.88 -129.82 -123.70 -117.57 -111.56 -105.46 -99.37 -93.34 -87.24 -81.18 -75.14 -69.04 -62.99 -56.94 -50.85 -44.81 -38.76 -32.68 -26.65 -20.61 -14.54 -8.51 -2.49 0.00 
-186.85 -183.66 -175.20 -168.03 -161.58 -155.19 -148.93 -142.81 -136.64 -130.59 -124.47 -118.32 -112.33 -106.22 -100.13 -94.11 -88.00 -81.94 -75.90 -69.80 -63.74 -57.70 -51.62 -45.57 -39.53 -33.45 -27.41 -21.37 -15.30 -9.27 -3.24 0.00 
-187.59 -184.41 -175.97 -168.80 -162.34 -155.95 -149.70 -143.58 -137.40 -131.35 -125.24 -119.09 -113.10 -106.98 -100.89 -94.88 -88.77 -82.69 -76.67 -70.57 -64.50 -58.47 -52.38 -46.32 -40.29 -34.21 -28.16 -22.13 -16.07 -10.02 -4.00 0.00 
-188.32 -185.16 -176.74 -169.58 -163.11 -156.72 -150.47 -144.34 -138.17 -132.12 -126.00 -119.86 -113.87 -107.75 -101.65 -95.65 -89.53 -83.45 -77.43 -71.33 -65.26 -59.23 -53.14 -47.08 -41.05 -34.98 -28.92 -22.90 -16.83 -10.78 -4.75 0.00 
-189.06 -185.91 -177.51 -170.36 -163.87 -157.49 -151.23 -145.11 -138.94 -132.87 -126.77 -120.63 -114.63 -108.52 -102.41 -96.41 -90.30 -84.21 -78.20 -72.09 -66.01 -60.00 -53.91 -47.83 -41.82 -35.74 -29.67 -23.66 -17.59 -11.54 -5.51 0.00 
-189.72 -186.57 -178.20 -171.05 -164.56 -158.17 -151.92 -145.79 -139.63 -133.55 -127.46 -121.32 -115.32 -109.21 -103.09 -97.10 -90.99 -84.89 -78.88 -72.78 -66.69 -60.68 -54.59 -48.51 -42.50 -36.42 -30.35 -24.35 -18.28 -12.21 -6.21 -0.21 0.00 
-190.29 -187.15 -178.79 -171.65 -165.15 -158.76 -152.52 -146.39 -140.23 -134.14 -128.06 -121.91 -115.92 -109.81 -103.68 -97.69 -91.59 -85.47 -79.48 -73.37 -67.28 -61.27 -55.18 -49.09 -43.09 -37.01 -30.94 -24.93 -18.87 -12.80 -6.80 -0.79 0.00 
-190.86 -187.73 -179.38 -172.25 -165.75 -159.36 -153.11 -146.98 -140.82 -134.73 -128.65 -122.50 -116.51 -110.40 -104.27 -98.29 -92.18 -86.06 -80.07 -73.97 -67.86 -61.86 -55.77 -49.68 -43.68 -37.60 -31.53 -25.52 -19.46 -13.39 -7.38 -1.37 0.00 
-191.42 -188.31 -179.97 -172.84 -166.34 -159.95 -153.71 -147.58 -141.41 -135.32 -129.24 -123.10 -117.10 -110.99 -104.86 -98.88 -92.77 -86.65 -80.66 -74.56 -68.45 -62.45 -56.37 -50.27 -44.26 -38.20 -32.12 -26.10 -20.05 -13.98 -7.97 -1.95 0.00 
-191.99 -188.88 -180.57 -173.44 -166.94 -160.54 -154.30 -148.18 -142.01 -135.91 -129.83 -123.70 -117.69 -111.59 -105.46 -99.47 -93.37 -87.24 -81.24 -75.15 -69.04 -63.03 -56.96 -50.86 -44.84 -38.79 -32.71 -26.68 -20.64 -14.58 -8.55 -2.54 0.00 
-192.56 -189.46 -181.16 -174.05 -167.53 -161.14 -154.90 -148.77 -142.61 -136.50 -130.43 -124.29 -118.27 -112.18 -106.06 -100.05 -93.96 -87.84 -81.83 -75.74 -69.63 -63.62 -57.55 -51.45 -45.43 -39.38 -33.30 -27.27 -21.23 -15.17 -9.14 -3.12 0.00 
-193.03 -189.94 -181.66 -174.55 -168.03 -161.64 -155.40 -149.26 -143.11 -136.98 -130.93 -124.80 -118.76 -112.68 -106.56 -100.55 -94.46 -88.33 -82.32 -76.24 -70.13 -64.11 -58.04 -51.95 -45.92 -39.87 -33.79 -27.76 -21.73 -15.66 -9.63 -3.61 0.00 
-193.45 -190.36 -182.10 -174.99 -168.46 -162.07 -155.83 -149.70 -143.55 -137.42 -131.37 -125.23 -119.20 -113.12 -106.99 -100.98 -94.90 -88.77 -82.75 -76.68 -70.56 -64.54 -58.48 -52.38 -46.35 -40.30 -34.22 -28.19 -22.16 -16.09 -10.06 -4.04 0.00 
-193.86 -190.79 -182.53 -175.43 -168.90 -162.51 -156.27 -150.14 -143.98 -137.85 -131.81 -125.66 -119.63 -113.56 -107.42 -101.41 -95.34 -89.21 -83.18 -77.11 -71.00 -64.97 -58.91 -52.82 -46.78 -40.74 -34.66 -28.62 -22.59 -16.53 -10.49 -4.47 0.00 
-194.28 -191.21 -182.97 -175.87 -169.34 -162.94 -156.71 -150.58 -144.42 -138.29 -132.25 -126.10 -120.07 -114.00 -107.86 -101.85 -95.77 -89.64 -83.61 -77.55 -71.43 -65.40 -59.35 -53.25 -47.21 -41.17 -35.09 -29.05 -23.02 -16.96 -10.92 -4.89 0.00 
-194.69 -191.63 -183.40 -176.31 -169.77 -163.38 -157.14 -151.02 -144.86 -138.72 -132.68 -126.54 -120.50 -114.43 -108.30 -102.28 -96.20 -90.08 -84.04 -77.98 -71.87 -65.82 -59.78 -53.68 -47.63 -41.60 -35.52 -29.47 -23.46 -17.39 -11.35 -5.32 0.00 
-195.11 -192.06 -183.84 -176.75 -170.21 -163.82 -157.58 -151.45 -145.30 -139.16 -133.12 -126.98 -120.93 -114.87 -108.74 -102.71 -96.64 -90.51 -84.47 -78.42 -72.30 -66.25 -60.21 -54.12 -48.06 -42.04 -35.96 -29.90 -23.89 -17.83 -11.78 -5.75 0.00 
-195.42 -192.38 -184.17 -177.09 -170.54 -164.15 -157.92 -151.78 -145.63 -139.48 -133.45 -127.32 -121.26 -115.20 -109.08 -103.03 -96.98 -90.85 -84.80 -78.75 -72.64 -66.58 -60.54 -54.45 -48.39 -42.37 -36.29 -30.23 -24.22 -18.16 -12.10 -6.10 -0.10 0.00 
-195.70 -192.66 -184.47 -177.39 -170.84 -164.44 -158.22 -152.08 -145.94 -139.78 -133.76 -127.62 -121.56 -115.51 -109.38 -103.33 -97.28 -91.15 -85.10 -79.05 -72.93 -66.88 -60.84 -54.74 -48.68 -42.66 -36.58 -30.52 -24.52 -18.45 -12.40 -6.40 -0.39 0.00 
-195.98 -192.95 -184.77 -177.69 -171.14 -164.74 -158.52 -152.39 -146.24 -140.07 -134.06 -127.92 -121.86 -115.81 -109.67 -103.63 -97.58 -91.45 -85.39 -79.35 -73.23 -67.17 -61.14 -55.04 -48.98 -42.96 -36.88 -30.82 -24.81 -18.75 -12.69 -6.69 -0.69 0.00 
-196.26 -193.24 -185.07 -177.99 -171.44 -165.04 -158.82 -152.69 -146.53 -140.37 -134.36 -128.22 -122.16 -116.11 -109.97 -103.93 -97.88 -91.75 -85.69 -79.65 -73.53 -67.46 -61.44 -55.34 -49.27 -43.26 -37.18 -31.11 -25.11 -19.05 -12.99 -6.99 -0.98 0.00 
-196.54 -193.53 -185.37 -178.30 -171.74 -165.34 -159.12 -152.99 -146.84 -140.67 -134.66 -128.52 -122.46 -116.41 -110.28 -104.23 -98.18 -92.05 -85.99 -79.95 -73.83 -67.76 -61.74 -55.64 -49.56 -43.56 -37.48 -31.40 -25.40 -19.35 -13.28 -7.28 -1.27 0.00 
-196.83 -193.82 -185.67 -178.60 -172.04 -165.64 -159.42 -153.29 -147.14 -140.97 -134.96 -128.82 -122.75 -116.71 -110.58 -104.52 -98.48 -92.35 -86.28 -80.25 -74.13 -68.05 -62.03 -55.94 -49.86 -43.85 -37.77 -31.70 -25.70 -19.64 -13.58 -7.58 -1.57 0.00 
-197.01 -194.00 -185.86 -178.80 -172.23 -165.84 -159.62 -153.48 -147.34 -141.16 -135.16 -129.02 -122.94 -116.91 -110.78 -104.71 -98.67 -92.54 -86.47 -80.44 -74.32 -68.24 -62.23 -56.13 -50.05 -44.05 -37.96 -31.89 -25.89 -19.83 -13.77 -7.77 -1.76 0.00 
-197.18 -194.18 -186.04 -178.99 -172.41 -166.02 -159.80 -153.67 -147.52 -141.34 -135.34 -129.21 -123.12 -117.09 -110.96 -104.90 -98.86 -92.73 -86.65 -80.63 -74.51 -68.43 -62.41 -56.31 -50.23 -44.23 -38.15 -32.07 -26.07 -20.02 -13.96 -7.95 -1.93 0.00 
-197.35 -194.35 -186.23 -179.17 -172.60 -166.20 -159.98 -153.85 -147.71 -141.53 -135.53 -129.39 -123.31 -117.28 -111.14 -105.08 -99.05 -92.91 -86.83 -80.81 -74.69 -68.61 -62.59 -56.49 -50.41 -44.41 -38.33 -32.25 -26.25 -20.20 -14.14 -8.13 -2.11 0.00 
-197.52 -194.53 -186.41 -179.35 -172.78 -166.39 -160.17 -154.04 -147.89 -141.71 -135.72 -129.57 -123.49 -117.46 -111.33 -105.26 -99.23 -93.10 -87.02 -80.99 -74.87 -68.79 -62.78 -56.68 -50.59 -44.59 -38.51 -32.43 -26.43 -20.38 -14.32 -8.31 -2.29 0.00 
-197.69 -194.71 -186.60 -179.54 -172.97 -166.57 -160.35 -154.22 -148.07 -141.90 -135.90 -129.76 -123.68 -117.65 -111.51 -105.45 -99.41 -93.28 -87.20 -81.18 -75.06 -68.97 -62.96 -56.86 -50.77 -44.77 -38.69 -32.61 -26.61 -20.56 -14.50 -8.49 -2.47 0.00 
-197.85 -194.88 -186.77 -179.72 -173.15 -166.75 -160.53 -154.40 -148.26 -142.07 -136.08 -129.94 -123.85 -117.83 -111.70 -105.62 -99.59 -93.46 -87.37 -81.35 -75.23 -69.14 -63.14 -57.04 -50.94 -44.95 -38.87 -32.79 -26.78 -20.74 -14.68 -8.66 -2.65 0.00 
-197.93 -194.96 -186.86 -179.81 -173.23 -166.84 -160.62 -154.49 -148.35 -142.16 -136.17 -130.03 -123.94 -117.92 -111.79 -105.71 -99.68 -93.55 -87.46 -81.44 -75.33 -69.23 -63.23 -57.13 -51.03 -45.03 -38.96 -32.88 -26.87 -20.83 -14.77 -8.75 -2.74 0.00 
-198.01 -195.04 -186.95 -179.90 -173.32 -166.93 -160.71 -154.58 -148.44 -142.25 -136.26 -130.12 -124.03 -118.01 -111.88 -105.80 -99.77 -93.64 -87.55 -81.54 -75.41 -69.32 -63.32 -57.21 -51.12 -45.12 -39.05 -32.96 -26.96 -20.91 -14.85 -8.84 -2.82 0.00 
-198.10 -195.13 -187.04 -179.99 -173.41 -167.01 -160.80 -154.67 -148.52 -142.34 -136.35 -130.21 -124.12 -118.10 -111.96 -105.89 -99.87 -93.73 -87.64 -81.63 -75.50 -69.40 -63.41 -57.30 -51.21 -45.21 -39.14 -33.05 -27.04 -21.00 -14.94 -8.92 -2.91 0.00 
-198.18 -195.21 -187.13 -180.08 -173.50 -167.10 -160.89 -154.76 -148.61 -142.43 -136.44 -130.30 -124.21 -118.19 -112.05 -105.98 -99.95 -93.82 -87.73 -81.71 -75.59 -69.49 -63.49 -57.39 -51.29 -45.30 -39.22 -33.14 -27.13 -21.09 -15.03 -9.01 -3.00 0.00 
-198.26 -195.29 -187.22 -180.17 -173.59 -167.19 -160.98 -154.84 -148.70 -142.52 -136.53 -130.39 -124.30 -118.28 -112.14 -106.07 -100.04 -93.91 -87.82 -81.80 -75.68 -69.58 -63.58 -57.48 -51.38 -45.38 -39.31 -33.23 -27.22 -21.18 -15.12 -9.10 -3.08 0.00 
-198.32 -195.36 -187.29 -180.24 -173.66 -167.26 -161.05 -154.91 -148.78 -142.59 -136.60 -130.47 -124.37 -118.35 -112.22 -106.14 -100.12 -93.98 -87.89 -81.87 -75.75 -69.65 -63.65 -57.55 -51.45 -45.45 -39.38 -33.30 -27.29 -21.25 -15.19 -9.17 -3.15 0.00 
-198.33 -195.37 -187.30 -180.25 -173.66 -167.27 -161.06 -154.92 -148.78 -142.60 -136.61 -130.47 -124.38 -118.36 -112.23 -106.14 -100.13 -93.99 -87.89 -81.89 -75.76 -69.66 -63.66 -57.56 -51.46 -45.46 -39.39 -33.31 -27.30 -21.26 -15.20 -9.18 -3.16 0.00 
-198.33 -195.37 -187.31 -180.26 -173.67 -167.28 -161.07 -154.93 -148.79 -142.61 -136.62 -130.48 -124.39 -118.37 -112.24 -106.15 -100.14 -94.00 -87.90 -81.90 -75.77 -69.67 -63.67 -57.57 -51.47 -45.47 -39.40 -33.32 -27.31 -21.27 -15.20 -9.18 -3.17 0.00 
-198.34 -195.38 -187.31 -180.26 -173.68 -167.28 -161.07 -154.93 -148.80 -142.62 -136.62 -130.49 -124.39 -118.38 -112.24 -106.16 -100.15 -94.01 -87.91 -81.91 -75.78 -69.68 -63.68 -57.58 -51.48 -45.48 -39.41 -33.32 -27.32 -21.28 -15.21 -9.19 -3.18 0.00 
-198.34 -195.38 -187.32 -180.27 -173.69 -167.29 -161.08 -154.94 -148.81 -142.63 -136.63 -130.50 -124.40 -118.39 -112.25 -106.17 -100.15 -94.02 -87.92 -81.91 -75.79 -69.69 -63.69 -57.59 -51.49 -45.49 -39.42 -33.33 -27.33 -21.28 -15.22 -9.20 -3.18 0.00 
-198.35 -195.39 -187.33 -180.28 -173.69 -167.30 -161.09 -154.95 -148.81 -142.63 -136.64 -130.51 -124.41 -118.39 -112.26 -106.18 -100.16 -94.03 -87.93 -81.92 -75.80 -69.70 -63.70 -57.60 -51.50 -45.50 -39.43 -33.34 -27.33 -21.29 -15.23 -9.21 -3.19 0.00 
-198.32 -195.36 -187.30 -180.25 -173.67 -167.27 -161.06 -154.92 -148.79 -142.61 -136.61 -130.48 -124.39 -118.37 -112.24 -106.16 -100.14 -94.00 -87.91 -81.90 -75.78 -69.67 -63.68 -57.57 -51.47 -45.47 -39.40 -33.32 -27.31 -21.27 -15.20 -9.18 -3.17 0.00 
-198.24 -195.28 -187.22 -180.17 -173.58 -167.19 -160.98 -154.84 -148.70 -142.52 -136.53 -130.40 -124.30 -118.28 -112.15 -106.07 -100.05 -93.92 -87.82 -81.81 -75.69 -69.59 -63.59 -57.49 -51.39 -45.39 -39.32 -33.23 -27.22 -21.18 -15.12 -9.10 -3.08 0.00 
-198.16 -195.20 -187.13 -180.08 -173.49 -167.10 -160.89 -154.75 -148.62 -142.44 -136.44 -130.31 -124.22 -118.20 -112.07 -105.99 -99.97 -93.83 -87.74 -81.73 -75.61 -69.51 -63.51 -57.41 -51.30 -45.31 -39.24 -33.15 -27.14 -21.10 -15.03 -9.02 -3.00 0.00 
-198.08 -195.11 -187.05 -179.99 -173.41 -167.01 -160.80 -154.67 -148.53 -142.35 -136.36 -130.23 -124.13 -118.11 -111.98 -105.91 -99.88 -93.75 -87.66 -81.65 -75.52 -69.43 -63.43 -57.32 -51.22 -45.23 -39.15 -33.07 -27.06 -21.02 -14.95 -8.93 -2.92 0.00 
-197.99 -195.03 -186.96 -179.91 -173.32 -166.93 -160.72 -154.58 -148.45 -142.27 -136.27 -130.14 -124.05 -118.03 -111.90 -105.82 -99.80 -93.66 -87.58 -81.56 -75.44 -69.34 -63.35 -57.24 -51.14 -45.15 -39.07 -32.98 -26.98 -20.93 -14.87 -8.85 -2.83 0.00 
-197.91 -194.94 -186.88 -179.82 -173.23 -166.84 -160.63 -154.50 -148.36 -142.18 -136.19 -130.06 -123.97 -117.94 -111.81 -105.74 -99.71 -93.58 -87.50 -81.48 -75.36 -69.26 -63.26 -57.16 -51.06 -45.06 -38.99 -32.90 -26.89 -20.85 -14.78 -8.76 -2.75 0.00 
-197.77 -194.80 -186.73 -179.67 -173.09 -166.70 -160.49 -154.35 -148.22 -142.04 -136.04 -129.91 -123.83 -117.80 -111.67 -105.60 -99.57 -93.44 -87.36 -81.34 -75.22 -69.12 -63.12 -57.02 -50.92 -44.92 -38.85 -32.76 -26.75 -20.71 -14.64 -8.62 -2.61 0.00 
-197.59 -194.61 -186.54 -179.47 -172.89 -166.50 -160.29 -154.16 -148.02 -141.84 -135.84 -129.71 -123.63 -117.60 -111.47 -105.40 -99.38 -93.24 -87.16 -81.14 -75.02 -68.93 -62.93 -56.82 -50.73 -44.73 -38.65 -32.56 -26.56 -20.51 -14.44 -8.43 -2.41 0.00 
-197.40 -194.42 -186.34 -179.27 -172.69 -166.30 -160.09 -153.96 -147.82 -141.65 -135.65 -129.52 -123.43 -117.41 -111.28 -105.21 -99.18 -93.05 -86.97 -80.95 -74.82 -68.74 -62.73 -56.63 -50.53 -44.54 -38.46 -32.36 -26.37 -20.32 -14.25 -8.24 -2.22 0.00 
-197.21 -194.22 -186.14 -179.07 -172.49 -166.10 -159.89 -153.76 -147.62 -141.45 -135.45 -129.32 -123.24 -117.21 -111.08 -105.02 -98.98 -92.85 -86.77 -80.75 -74.63 -68.54 -62.54 -56.43 -50.34 -44.35 -38.26 -32.17 -26.18 -20.12 -14.05 -8.04 -2.03 0.00 
-197.02 -194.03 -185.94 -178.87 -172.29 -165.90 -159.69 -153.56 -147.42 -141.25 -135.25 -129.12 -123.04 -117.01 -110.88 -104.82 -98.78 -92.65 -86.58 -80.55 -74.43 -68.35 -62.34 -56.23 -50.15 -44.15 -38.06 -31.98 -25.98 -19.92 -13.85 -7.85 -1.83 0.00 
-196.83 -193.83 -185.74 -178.67 -172.09 -165.70 -159.49 -153.36 -147.22 -141.06 -135.05 -128.92 -122.85 -116.81 -110.69 -104.63 -98.59 -92.46 -86.39 -80.36 -74.24 -68.16 -62.14 -56.04 -49.96 -43.95 -37.87 -31.79 -25.79 -19.73 -13.66 -7.65 -1.64 0.00 
-196.56 -193.56 -185.45 -178.38 -171.81 -165.42 -159.21 -153.08 -146.94 -140.78 -134.77 -128.64 -122.57 -116.53 -110.40 -104.35 -98.30 -92.17 -86.11 -80.07 -73.96 -67.88 -61.86 -55.76 -49.68 -43.67 -37.59 -31.51 -25.51 -19.45 -13.37 -7.37 -1.36 0.00 
-196.24 -193.24 -185.12 -178.04 -171.48 -165.09 -158.87 -152.75 -146.61 -140.45 -134.44 -128.31 -122.24 -116.20 -110.07 -104.02 -97.97 -91.84 -85.78 -79.75 -73.63 -67.56 -61.54 -55.43 -49.35 -43.35 -37.26 -31.18 -25.19 -19.12 -13.04 -7.05 -1.04 0.00 
-195.93 -192.92 -184.79 -177.71 -171.14 -164.76 -158.55 -152.42 -146.27 -140.12 -134.11 -127.98 -121.92 -115.87 -109.74 -103.70 -97.65 -91.51 -85.46 -79.42 -73.30 -67.23 -61.21 -55.10 -49.03 -43.02 -36.93 -30.86 -24.86 -18.79 -12.72 -6.72 -0.72 0.00 
-195.61 -192.59 -184.46 -177.37 -170.81 -164.43 -158.22 -152.08 -145.95 -139.80 -133.77 -127.65 -121.59 -115.54 -109.41 -103.37 -97.32 -91.19 -85.14 -79.09 -72.97 -66.91 -60.88 -54.77 -48.71 -42.70 -36.60 -30.54 -24.54 -18.46 -12.40 -6.40 -0.40 0.00 
-195.30 -192.27 -184.13 -177.04 -170.48 -164.10 -157.88 -151.75 -145.62 -139.47 -133.45 -127.32 -121.26 -115.21 -109.09 -103.05 -96.99 -90.86 -84.82 -78.76 -72.64 -66.59 -60.55 -54.45 -48.39 -42.37 -36.28 -30.22 -24.21 -18.13 -12.07 -6.07 -0.07 0.00 
-194.98 -191.94 -183.79 -176.70 -170.15 -163.77 -157.55 -151.43 -145.29 -139.14 -133.12 -126.99 -120.94 -114.88 -108.76 -102.72 -96.66 -90.53 -84.49 -78.44 -72.32 -66.27 -60.23 -54.12 -48.07 -42.04 -35.95 -29.89 -23.88 -17.81 -11.75 -5.72 0.00 
-194.55 -191.51 -183.34 -176.24 -169.70 -163.31 -157.10 -150.97 -144.83 -138.70 -132.67 -126.54 -120.49 -114.43 -108.31 -102.28 -96.21 -90.08 -84.05 -77.99 -71.87 -65.82 -59.78 -53.68 -47.62 -41.59 -35.50 -29.45 -23.43 -17.36 -11.30 -5.27 0.00 
-194.09 -191.04 -182.86 -175.75 -169.22 -162.83 -156.62 -150.49 -144.35 -138.22 -132.18 -126.06 -120.02 -113.95 -107.83 -101.80 -95.73 -89.60 -83.57 -77.51 -71.39 -65.35 -59.30 -53.19 -47.15 -41.12 -35.03 -28.97 -22.95 -16.88 -10.83 -4.80 0.00 
-193.63 -190.57 -182.37 -175.27 -168.73 -162.35 -156.14 -150.01 -143.87 -137.75 -131.70 -125.58 -119.54 -113.47 -107.35 -101.33 -95.25 -89.12 -83.10 -77.03 -70.91 -64.88 -58.82 -52.71 -46.68 -40.64 -34.54 -28.50 -22.48 -16.40 -10.35 -4.33 0.00 
-193.17 -190.09 -181.89 -174.78 -168.25 -161.87 -155.66 -149.53 -143.39 -137.27 -131.22 -125.10 -119.07 -112.99 -106.87 -100.86 -94.77 -88.64 -82.63 -76.55 -70.43 -64.41 -58.34 -52.24 -46.21 -40.16 -34.07 -28.03 -22.00 -15.92 -9.88 -3.86 0.00 
-192.71 -189.62 -181.40 -174.29 -167.77 -161.39 -155.18 -149.05 -142.91 -136.79 -130.75 -124.62 -118.59 -112.51 -106.39 -100.38 -94.29 -88.17 -82.16 -76.07 -69.95 -63.94 -57.86 -51.76 -45.74 -39.68 -33.59 -27.56 -21.52 -15.44 -9.41 -3.38 0.00 
-192.24 -189.15 -180.91 -173.80 -167.28 -160.91 -154.69 -148.57 -142.43 -136.32 -130.27 -124.14 -118.12 -112.03 -105.91 -99.91 -93.81 -87.69 -81.68 -75.59 -69.48 -63.47 -57.39 -51.28 -45.26 -39.20 -33.11 -27.09 -21.04 -14.96 -8.93 -2.91 0.00 
-191.64 -188.53 -180.27 -173.15 -166.65 -160.28 -154.05 -147.93 -141.79 -135.69 -129.63 -123.50 -117.49 -111.39 -105.27 -99.28 -93.18 -87.05 -81.06 -74.96 -68.84 -62.84 -56.75 -50.65 -44.64 -38.57 -32.48 -26.46 -20.41 -14.33 -8.30 -2.29 0.00 
-191.02 -187.90 -179.62 -172.50 -166.00 -159.63 -153.41 -147.29 -141.14 -135.05 -128.98 -122.86 -116.85 -110.75 -104.63 -98.64 -92.53 -86.41 -80.42 -74.31 -68.19 -62.20 -56.11 -50.00 -44.00 -37.93 -31.83 -25.82 -19.76 -13.68 -7.67 -1.65 0.00 
-190.39 -187.26 -178.97 -171.84 -165.35 -158.98 -152.76 -146.64 -140.50 -134.41 -128.34 -122.21 -116.21 -110.10 -103.98 -98.00 -91.89 -85.77 -79.78 -73.67 -67.56 -61.57 -55.46 -49.36 -43.37 -37.28 -31.18 -25.19 -19.12 -13.04 -7.03 -1.02 0.00 
-189.77 -186.62 -178.31 -171.19 -164.70 -158.34 -152.12 -146.00 -139.86 -133.77 -127.69 -121.57 -115.57 -109.46 -103.34 -97.35 -91.24 -85.13 -79.14 -73.02 -66.92 -60.92 -54.82 -48.73 -42.73 -36.63 -30.55 -24.55 -18.47 -12.39 -6.39 -0.39 0.00 
-189.15 -185.99 -177.66 -170.53 -164.05 -157.69 -151.47 -145.35 -139.21 -133.13 -127.05 -120.92 -114.92 -108.82 -102.70 -96.71 -90.60 -84.50 -78.49 -72.38 -66.29 -60.28 -54.18 -48.09 -42.08 -35.99 -29.91 -23.91 -17.83 -11.76 -5.72 0.00 
-188.51 -185.33 -176.98 -169.85 -163.39 -157.03 -150.80 -144.69 -138.54 -132.48 -126.39 -120.26 -114.26 -108.15 -102.05 -96.05 -89.93 -83.84 -77.83 -71.72 -65.63 -59.61 -53.51 -47.44 -41.42 -35.33 -29.26 -23.24 -17.16 -11.10 -5.07 0.00 
-187.73 -184.54 -176.17 -169.03 -162.58 -156.22 -150.00 -143.88 -137.73 -131.68 -125.58 -119.45 -113.45 -107.34 -101.25 -95.24 -89.12 -83.04 -77.02 -70.91 -64.83 -58.81 -52.71 -46.64 -40.61 -34.52 -28.46 -22.44 -16.36 -10.30 -4.27 0.00 
-186.95 -183.74 -175.35 -168.21 -161.76 -155.42 -149.19 -143.07 -136.93 -130.88 -124.77 -118.65 -112.64 -106.53 -100.45 -94.43 -88.32 -82.24 -76.21 -70.10 -64.04 -58.00 -51.90 -45.84 -39.81 -33.71 -27.66 -21.63 -15.55 -9.50 -3.48 0.00 
-186.17 -182.94 -174.53 -167.40 -160.95 -154.61 -148.38 -142.27 -136.12 -130.07 -123.96 -117.84 -111.83 -105.73 -99.65 -93.62 -87.51 -81.45 -75.40 -69.29 -63.24 -57.19 -51.09 -45.05 -39.00 -32.90 -26.86 -20.82 -14.74 -8.70 -2.68 0.00 
-185.39 -182.15 -173.71 -166.58 -160.14 -153.80 -147.57 -141.46 -135.31 -129.26 -123.16 -117.04 -111.03 -104.92 -98.85 -92.81 -86.70 -80.65 -74.59 -68.48 -62.44 -56.38 -50.28 -44.25 -38.19 -32.10 -26.07 -20.01 -13.93 -7.90 -1.89 0.00 
-184.60 -181.35 -172.89 -165.75 -159.33 -152.99 -146.76 -140.65 -134.50 -128.46 -122.35 -116.24 -110.22 -104.11 -98.05 -92.00 -85.89 -79.85 -73.79 -67.68 -61.65 -55.58 -49.47 -43.45 -37.38 -31.29 -25.27 -19.20 -13.12 -7.10 -1.09 0.00 
-183.76 -180.49 -172.01 -164.86 -158.46 -152.12 -145.89 -139.78 -133.63 -127.59 -121.48 -115.38 -109.35 -103.24 -97.19 -91.13 -85.02 -78.99 -72.92 -66.81 -60.79 -54.71 -48.60 -42.59 -36.51 -30.42 -24.41 -18.33 -12.25 -6.24 -0.24 0.00 
-182.82 -179.53 -171.02 -163.88 -157.48 -151.15 -144.92 -138.81 -132.66 -126.62 -120.50 -114.42 -108.38 -102.27 -96.23 -90.16 -84.05 -78.03 -71.94 -65.83 -59.82 -53.73 -47.63 -41.63 -35.54 -29.44 -23.44 -17.36 -11.28 -5.24 0.00 
-181.87 -178.56 -170.04 -162.89 -156.50 -150.18 -143.94 -137.84 -131.69 -125.64 -119.53 -113.46 -107.40 -101.30 -95.27 -89.18 -83.07 -77.07 -70.97 -64.86 -58.86 -52.76 -46.66 -40.65 -34.56 -28.48 -22.47 -16.38 -10.32 -4.28 0.00 
-180.93 -177.60 -169.05 -161.91 -155.53 -149.20 -142.97 -136.86 -130.72 -124.67 -118.56 -112.49 -106.43 -100.32 -94.30 -88.21 -82.10 -76.10 -69.99 -63.89 -57.88 -51.78 -45.70 -39.68 -33.59 -27.52 -21.49 -15.41 -9.35 -3.33 0.00 
-179.97 -176.62 -168.05 -160.93 -154.55 -148.23 -141.99 -135.89 -129.74 -123.70 -117.59 -111.53 -105.46 -99.35 -93.34 -87.24 -81.13 -75.12 -69.02 -62.93 -56.91 -50.81 -44.74 -38.70 -32.61 -26.56 -20.52 -14.43 -8.39 -2.37 0.00 
-179.01 -175.64 -167.06 -159.95 -153.57 -147.26 -141.02 -134.92 -128.77 -122.73 -116.61 -110.56 -104.49 -98.38 -92.37 -86.27 -80.16 -74.15 -68.05 -61.97 -55.93 -49.84 -43.78 -37.73 -31.64 -25.60 -19.54 -13.46 -7.43 -1.41 0.00 
-177.90 -174.52 -165.92 -158.83 -152.43 -146.13 -139.91 -133.80 -127.65 -121.60 -115.48 -109.45 -103.36 -97.25 -91.24 -85.14 -79.05 -73.02 -66.92 -60.85 -54.81 -48.71 -42.66 -36.60 -30.51 -24.48 -18.41 -12.33 -6.31 -0.31 0.00 
-176.77 -173.36 -164.75 -157.69 -151.26 -144.98 -138.77 -132.64 -126.50 -120.45 -114.34 -108.31 -102.21 -96.10 -90.09 -83.99 -77.91 -71.87 -65.77 -59.72 -53.65 -47.55 -41.53 -35.45 -29.35 -23.34 -17.26 -11.17 -5.14 0.00 
-175.64 -172.21 -163.58 -156.54 -150.10 -143.82 -137.62 -131.50 -125.36 -119.30 -113.19 -107.16 -101.06 -94.96 -88.94 -82.84 -76.77 -70.72 -64.61 -58.58 -52.50 -46.40 -40.39 -34.30 -28.20 -22.19 -16.10 -10.03 -4.00 0.00 
-174.51 -171.05 -162.41 -155.38 -148.94 -142.67 -136.47 -130.35 -124.21 -118.15 -112.04 -106.00 -99.91 -93.82 -87.79 -81.68 -75.63 -69.56 -63.46 -57.44 -51.35 -45.25 -39.23 -33.14 -27.06 -21.04 -14.95 -8.89 -2.87 0.00 
-173.37 -169.90 -161.23 -154.23 -147.77 -141.52 -135.32 -129.20 -123.07 -117.00 -110.88 -104.86 -98.76 -92.68 -86.64 -80.53 -74.49 -68.41 -62.31 -56.29 -50.20 -44.11 -38.08 -31.99 -25.93 -19.88 -13.80 -7.76 -1.74 0.00 
-172.10 -168.60 -159.94 -152.95 -146.47 -140.23 -134.04 -127.91 -121.80 -115.71 -109.60 -103.57 -97.47 -91.41 -85.35 -79.24 -73.22 -67.12 -61.02 -55.00 -48.91 -42.83 -36.79 -30.70 -24.65 -18.59 -12.51 -6.48 -0.48 0.00 
-170.77 -167.23 -158.58 -151.60 -145.10 -138.88 -132.68 -126.55 -120.46 -114.36 -108.25 -102.21 -96.11 -90.06 -83.99 -77.89 -71.86 -65.76 -59.68 -53.64 -47.55 -41.49 -35.43 -29.34 -23.31 -17.23 -11.15 -5.10 0.00 
-169.43 -165.86 -157.22 -150.24 -143.74 -137.52 -131.33 -125.20 -119.11 -113.01 -106.90 -100.85 -94.76 -88.72 -82.63 -76.53 -70.50 -64.41 -58.33 -52.28 -46.19 -40.15 -34.07 -27.98 -21.96 -15.87 -9.80 -3.76 0.00 
-168.10 -164.49 -155.86 -148.88 -142.37 -136.17 -129.97 -123.84 -117.75 -111.65 -105.55 -99.50 -93.40 -87.37 -81.28 -75.18 -69.15 -63.05 -56.99 -50.93 -44.83 -38.80 -32.71 -26.62 -20.60 -14.51 -8.45 -2.43 0.00 
-166.75 -163.12 -154.49 -147.53 -141.01 -134.81 -128.62 -122.49 -116.40 -110.30 -104.21 -98.15 -92.05 -86.02 -79.92 -73.84 -67.79 -61.69 -55.65 -49.57 -43.47 -37.45 -31.36 -25.28 -19.24 -13.15 -7.11 -1.10 0.00 
-165.20 -161.52 -152.90 -145.95 -139.43 -133.23 -127.04 -120.91 -114.82 -108.71 -102.64 -96.57 -90.47 -84.43 -78.34 -72.27 -66.21 -60.11 -54.08 -47.98 -41.90 -35.86 -29.77 -23.72 -17.65 -11.57 -5.51 0.00 
-163.61 -159.91 -151.28 -144.34 -137.83 -131.62 -125.44 -119.30 -113.21 -107.11 -101.05 -94.96 -88.86 -82.82 -76.73 -70.68 -64.59 -58.50 -52.46 -46.37 -40.30 -34.25 -28.16 -22.12 -16.04 -9.95 -3.92 0.00 
-162.03 -158.29 -149.65 -142.73 -136.23 -130.02 -123.83 -117.70 -111.60 -105.50 -99.44 -93.35 -87.26 -81.21 -75.12 -69.08 -62.99 -56.89 -50.85 -44.76 -38.71 -32.64 -26.55 -20.51 -14.43 -8.36 -2.34 0.00 
-160.44 -156.66 -148.03 -141.12 -134.62 -128.41 -122.23 -116.09 -110.00 -103.89 -97.83 -91.74 -85.66 -79.61 -73.51 -67.47 -61.38 -55.30 -49.24 -43.15 -37.11 -31.02 -24.94 -18.90 -12.81 -6.77 -0.76 0.00 
-158.66 -154.85 -146.22 -139.33 -132.83 -126.61 -120.43 -114.29 -108.20 -102.09 -96.03 -89.94 -83.88 -77.80 -71.71 -65.66 -59.57 -53.51 -47.44 -41.35 -35.31 -29.22 -23.16 -17.09 -11.01 -4.95 0.00 
-156.77 -152.92 -144.29 -137.41 -130.92 -124.69 -118.52 -112.38 -106.28 -100.18 -94.12 -88.03 -81.97 -75.88 -69.79 -63.74 -57.65 -51.60 -45.51 -39.43 -33.38 -27.30 -21.25 -15.17 -9.09 -3.06 0.00 
-154.88 -151.00 -142.36 -135.49 -129.00 -122.78 -116.60 -110.46 -104.37 -98.26 -92.20 -86.11 -80.05 -73.97 -67.89 -61.82 -55.73 -49.68 -43.60 -37.53 -31.46 -25.37 -19.33 -13.25 -7.19 -1.18 0.00 
-152.98 -149.06 -140.43 -133.58 -127.09 -120.86 -114.69 -108.55 -102.46 -96.34 -90.28 -84.19 -78.14 -72.05 -65.99 -59.90 -53.81 -47.76 -41.67 -35.63 -29.54 -23.46 -17.41 -11.33 -5.26 0.00 
-150.79 -146.84 -138.20 -131.36 -124.88 -118.63 -112.48 -106.34 -100.24 -94.14 -88.07 -81.98 -75.92 -69.82 -63.77 -57.68 -51.61 -45.54 -39.45 -33.40 -27.32 -21.26 -15.19 -9.11 -3.07 0.00 
-148.54 -144.55 -135.90 -129.08 -122.60 -116.33 -110.19 -104.06 -97.96 -91.87 -85.78 -79.69 -73.63 -67.54 -61.48 -55.39 -49.33 -43.25 -37.17 -31.11 -25.03 -18.98 -12.90 -6.84 -0.83 0.00 
-146.28 -142.24 -133.60 -126.79 -120.31 -114.04 -107.91 -101.77 -95.67 -89.58 -83.50 -77.42 -71.34 -65.25 -59.19 -53.10 -47.04 -40.96 -34.90 -28.82 -22.74 -16.68 -10.61 -4.54 0.00 
-143.84 -139.77 -131.13 -124.31 -117.86 -111.59 -105.45 -99.32 -93.21 -87.13 -81.04 -74.97 -68.88 -62.81 -56.73 -50.64 -44.58 -38.50 -32.44 -26.36 -20.30 -14.22 -8.14 -2.12 0.00 
-141.17 -137.06 -128.41 -121.58 -115.15 -108.88 -102.74 -96.61 -90.50 -84.42 -78.33 -72.25 -66.17 -60.10 -54.01 -47.94 -41.86 -35.78 -29.72 -23.64 -17.58 -11.51 -5.42 0.00 
-138.48 -134.33 -125.68 -118.86 -112.44 -106.18 -100.03 -93.90 -87.79 -81.71 -75.61 -69.54 -63.45 -57.38 -51.30 -45.23 -39.15 -33.08 -27.01 -20.93 -14.87 -8.79 -2.75 0.00 
-135.64 -131.44 -122.80 -115.97 -109.59 -103.32 -97.17 -91.04 -84.93 -78.84 -72.75 -66.67 -60.59 -54.52 -48.43 -42.36 -36.28 -30.22 -24.14 -18.07 -12.00 -5.90 0.00 
-132.49 -128.25 -119.60 -112.76 -106.39 -100.14 -93.98 -87.86 -81.75 -75.66 -69.57 -63.49 -57.41 -51.33 -45.25 -39.17 -33.09 -27.02 -20.95 -14.88 -8.81 -2.77 0.00 
-129.33 -125.04 -116.39 -109.56 -103.21 -96.95 -90.78 -84.67 -78.56 -72.47 -66.38 -60.30 -54.22 -48.14 -42.06 -35.99 -29.91 -23.84 -17.77 -11.70 -5.60 0.00 
-125.92 -121.57 -112.92 -106.08 -99.74 -93.52 -87.33 -81.23 -75.12 -69.03 -62.94 -56.85 -50.77 -44.69 -38.61 -32.54 -26.46 -20.39 -14.32 -8.25 -2.21 0.00 
-122.24 -117.84 -109.19 -102.36 -96.02 -89.81 -83.64 -77.53 -71.42 -65.33 -59.23 -53.15 -47.07 -40.98 -34.91 -28.83 -22.76 -16.68 -10.61 -4.54 0.00 
-118.55 -114.10 -105.45 -98.62 -92.29 -86.11 -79.93 -73.82 -67.71 -61.61 -55.53 -49.44 -43.36 -37.27 -31.20 -25.12 -19.05 -12.98 -6.91 -0.89 0.00 
-114.79 -110.71 -101.70 -94.84 -88.49 -82.30 -76.14 -70.00 -63.91 -57.80 -51.72 -45.63 -39.55 -33.47 -27.38 -21.31 -15.24 -9.17 -3.11 0.00 
-111.02 -107.35 -97.95 -91.03 -84.67 -78.48 -72.31 -66.18 -60.09 -53.98 -47.89 -41.81 -35.72 -29.64 -23.56 -17.49 -11.41 -5.33 0.00 
-106.50 -102.98 -93.40 -86.47 -80.11 -73.91 -67.77 -61.63 -55.52 -49.44 -43.33 -37.25 -31.16 -25.08 -19.01 -12.93 -6.87 -0.84 0.00 
-101.77 -98.13 -88.61 -81.76 -75.40 -69.18 -63.05 -56.92 -50.81 -44.72 -38.62 -32.52 -26.45 -20.36 -14.29 -8.22 -2.17 0.00 
-96.88 -93.12 -83.65 -76.87 -70.55 -64.32 -58.16 -52.07 -45.95 -39.83 -33.76 -27.66 -21.57 -15.51 -9.43 -3.36 0.00 
-91.06 -87.19 -77.77 -71.05 -64.74 -58.53 -52.37 -46.25 -40.15 -34.04 -27.94 -21.86 -15.78 -9.70 -3.63 0.00 
-85.21 -81.22 -71.87 -65.22 -58.90 -52.71 -46.57 -40.44 -34.31 -28.22 -22.14 -16.04 -9.95 -3.89 0.00 
-78.72 -74.62 -65.38 -58.74 -52.42 -46.23 -40.09 -33.96 -27.85 -21.75 -15.64 -9.56 -3.49 0.00 
-72.22 -68.00 -58.87 -52.22 -45.95 -39.76 -33.61 -27.47 -21.35 -15.25 -9.16 -3.09 0.00 
-64.95 -60.66 -51.62 -45.02 -38.74 -32.54 -26.39 -20.25 -14.13 -8.03 -1.96 0.00 
-57.55 -53.19 -44.26 -37.69 -31.39 -25.19 -19.04 -12.90 -6.78 -0.72 0.00 
-47.78 -43.35 -34.54 -28.00 -21.71 -15.49 -9.31 -3.18 0.00 
-40.60 -36.12 -27.47 -20.93 -14.60 -8.35 -2.21 0.00 
-33.85 -29.32 -20.90 -14.35 -7.98 -1.77 0.00 
-25.90 -20.81 -12.92 -6.18 0.00 
-14.82 -9.78 -2.70 0.00 
-6.08 -1.84 
