41.55 43.53 45.83 
40.46 46.41 52.69 56.89 58.99 59.37 
40.02 46.00 55.05 61.63 63.02 63.63 63.90 63.96 63.96 
39.38 45.36 55.35 61.15 62.27 62.90 63.30 63.51 63.60 63.60 
37.83 43.83 54.38 60.10 61.17 61.81 62.28 62.62 62.85 62.99 63.06 63.08 63.09 
37.81 41.34 52.29 58.83 60.04 60.74 61.26 61.68 62.00 62.23 62.39 62.49 62.54 62.56 62.56 
41.33 47.25 56.71 58.78 59.59 60.19 60.66 61.05 61.36 61.61 61.79 61.91 61.99 62.03 62.03 
40.22 46.16 55.59 57.75 58.60 59.23 59.75 60.18 60.53 60.82 61.05 61.22 61.34 61.43 61.49 61.50 61.50 
43.11 48.67 55.51 56.98 57.78 58.40 58.92 59.36 59.72 60.04 60.29 60.48 60.64 60.75 60.83 60.89 60.91 60.91 
41.59 47.24 54.32 55.92 56.79 57.46 58.00 58.46 58.87 59.20 59.49 59.74 59.91 60.07 60.18 60.26 60.32 60.34 60.34 
39.99 45.74 53.15 54.90 55.83 56.54 57.10 57.60 58.03 58.39 58.72 58.97 59.21 59.38 59.52 59.63 59.71 59.76 59.79 59.81 59.81 
38.24 44.03 51.85 53.80 54.81 55.54 56.14 56.69 57.13 57.54 57.87 58.18 58.42 58.64 58.81 58.94 59.05 59.13 59.18 59.21 59.23 59.23 
41.53 46.57 51.63 53.15 54.12 54.84 55.44 56.00 56.43 56.85 57.19 57.51 57.76 57.99 58.16 58.32 58.43 58.53 58.59 58.64 58.66 58.66 
39.93 45.05 50.44 52.12 53.17 53.92 54.56 55.13 55.61 56.05 56.41 56.75 57.03 57.28 57.49 57.66 57.80 57.91 58.00 58.06 58.11 58.12 58.12 
38.31 43.52 49.27 51.12 52.20 52.99 53.70 54.27 54.80 55.24 55.65 56.00 56.32 56.57 56.83 57.00 57.17 57.30 57.41 57.49 57.54 57.58 57.60 57.60 
36.55 41.83 47.98 50.04 51.15 52.01 52.79 53.37 53.95 54.40 54.86 55.21 55.56 55.85 56.10 56.32 56.50 56.67 56.78 56.89 56.96 57.01 57.05 57.07 57.07 
34.82 40.19 46.66 48.89 50.10 51.05 51.83 52.48 53.07 53.57 54.03 54.43 54.78 55.12 55.38 55.64 55.82 56.00 56.15 56.26 56.37 56.43 56.49 56.51 56.53 56.53 
33.15 38.60 45.33 47.75 49.06 50.11 50.91 51.62 52.22 52.78 53.24 53.70 54.05 54.42 54.70 54.96 55.20 55.38 55.56 55.68 55.80 55.89 55.95 56.01 56.02 56.04 56.04 
31.46 36.98 43.98 46.60 48.04 49.17 50.01 50.77 51.39 51.99 52.47 52.95 53.33 53.70 54.03 54.30 54.57 54.76 54.95 55.11 55.22 55.34 55.41 55.47 55.52 55.54 55.56 55.56 
29.82 35.42 42.66 45.46 47.04 48.26 49.12 49.94 50.57 51.21 51.71 52.19 52.63 53.00 53.38 53.65 53.92 54.16 54.35 54.54 54.67 54.79 54.89 54.96 55.02 55.05 55.07 55.09 55.09 
28.22 33.88 41.35 44.33 46.04 47.33 48.23 49.11 49.77 50.43 50.98 51.47 51.96 52.33 52.71 53.03 53.31 53.59 53.78 53.97 54.15 54.26 54.39 54.47 54.53 54.59 54.61 54.63 54.63 
26.59 32.32 40.04 43.23 45.07 46.39 47.38 48.26 48.99 49.65 50.25 50.76 51.27 51.67 52.05 52.41 52.70 52.98 53.21 53.41 53.61 53.74 53.86 53.98 54.04 54.11 54.15 54.17 54.19 54.19 
25.05 30.82 38.75 42.13 44.14 45.46 46.54 47.43 48.23 48.90 49.56 50.07 50.58 51.03 51.42 51.81 52.11 52.40 52.68 52.87 53.07 53.24 53.37 53.49 53.58 53.65 53.71 53.74 53.76 53.78 53.78 
23.54 29.33 37.45 41.03 43.20 44.58 45.71 46.64 47.49 48.16 48.86 49.39 49.91 50.41 50.80 51.20 51.54 51.83 52.13 52.35 52.55 52.76 52.89 53.01 53.13 53.20 53.27 53.32 53.34 53.36 53.36 
22.01 27.81 36.14 39.97 42.26 43.69 44.89 45.84 46.74 47.44 48.14 48.72 49.25 49.78 50.19 50.59 50.97 51.27 51.57 51.83 52.03 52.24 52.40 52.53 52.66 52.75 52.82 52.89 52.92 52.94 52.96 52.96 
20.56 26.36 34.88 38.94 41.36 42.82 44.11 45.07 46.03 46.74 47.44 48.08 48.61 49.16 49.60 50.00 50.42 50.73 51.02 51.33 51.54 51.74 51.94 52.07 52.20 52.33 52.40 52.46 52.52 52.54 52.56 52.56 
19.15 24.97 33.64 37.93 40.42 41.95 43.34 44.31 45.30 46.05 46.77 47.44 47.98 48.54 49.02 49.43 49.86 50.20 50.50 50.81 51.05 51.26 51.48 51.63 51.76 51.90 51.98 52.05 52.13 52.16 52.18 52.20 52.20 
17.74 23.57 32.39 36.93 39.48 41.10 42.56 43.57 44.56 45.36 46.10 46.81 47.37 47.93 48.44 48.86 49.29 49.67 49.98 50.29 50.57 50.78 51.00 51.18 51.32 51.46 51.57 51.64 51.72 51.77 51.79 51.81 51.81 
16.35 22.19 31.17 35.96 38.55 40.28 41.74 42.84 43.83 44.70 45.44 46.18 46.76 47.32 47.87 48.31 48.73 49.15 49.47 49.78 50.09 50.31 50.53 50.74 50.88 51.02 51.16 51.24 51.31 51.38 51.41 51.43 51.46 51.45 
15.06 20.91 30.01 35.04 37.66 39.48 40.98 42.13 43.14 44.06 44.80 45.56 46.18 46.74 47.32 47.77 48.20 48.64 48.98 49.29 49.62 49.86 50.08 50.31 50.47 50.61 50.75 50.86 50.93 51.00 51.06 51.08 51.10 51.10 
13.77 19.63 28.86 34.08 36.78 38.68 40.22 41.42 42.45 43.42 44.17 44.94 45.59 46.16 46.76 47.24 47.67 48.12 48.48 48.80 49.14 49.41 49.63 49.86 50.06 50.20 50.34 50.47 50.55 50.63 50.70 50.72 50.74 50.77 50.77 
12.55 18.41 27.69 33.03 35.88 37.89 39.46 40.72 41.77 42.78 43.55 44.32 45.01 45.60 46.19 46.70 47.15 47.60 47.99 48.32 48.65 48.96 49.19 49.42 49.64 49.79 49.94 50.09 50.17 50.25 50.33 50.37 50.39 50.41 50.41 
11.38 17.26 26.55 32.02 34.99 37.14 38.71 40.05 41.10 42.15 42.95 43.71 44.45 45.04 45.63 46.18 46.64 47.08 47.52 47.85 48.18 48.52 48.75 48.98 49.22 49.39 49.54 49.68 49.80 49.88 49.95 50.02 50.04 50.06 50.06 
10.28 16.16 25.46 31.06 34.13 36.40 37.99 39.39 40.46 41.54 42.36 43.12 43.90 44.50 45.09 45.68 46.14 46.58 47.05 47.39 47.72 48.07 48.33 48.56 48.80 49.00 49.15 49.30 49.44 49.52 49.60 49.68 49.71 49.73 49.76 49.76 
9.17 15.05 24.37 30.10 33.28 35.66 37.28 38.74 39.82 40.91 41.77 42.55 43.36 43.96 44.56 45.18 45.64 46.09 46.57 46.93 47.27 47.62 47.91 48.14 48.39 48.61 48.76 48.92 49.08 49.16 49.24 49.33 49.37 49.40 49.42 49.42 
8.06 13.95 23.28 29.13 32.45 34.92 36.58 38.08 39.19 40.28 41.18 41.98 42.79 43.43 44.03 44.65 45.14 45.61 46.08 46.47 46.82 47.17 47.48 47.73 47.97 48.22 48.38 48.53 48.70 48.80 48.89 48.97 49.04 49.07 49.09 49.12 49.12 
6.97 12.87 22.20 28.17 31.62 34.20 35.88 37.44 38.57 39.66 40.60 41.41 42.22 42.90 43.51 44.13 44.66 45.12 45.59 46.02 46.37 46.72 47.06 47.31 47.56 47.81 47.99 48.15 48.31 48.45 48.54 48.62 48.71 48.74 48.76 48.79 48.79 
5.97 11.87 21.21 27.24 30.80 33.51 35.20 36.82 37.97 39.05 40.05 40.86 41.67 42.39 43.00 43.62 44.18 44.65 45.12 45.58 45.94 46.28 46.65 46.91 47.16 47.41 47.62 47.78 47.94 48.11 48.19 48.28 48.37 48.42 48.44 48.47 48.47 
4.96 10.87 20.19 26.33 30.00 32.81 34.53 36.17 37.36 38.46 39.49 40.31 41.14 41.88 42.49 43.12 43.71 44.18 44.66 45.14 45.50 45.85 46.22 46.51 46.76 47.02 47.25 47.41 47.58 47.75 47.85 47.94 48.03 48.10 48.13 48.15 48.18 48.18 
3.94 9.85 19.18 25.43 29.21 32.06 33.87 35.52 36.75 37.87 38.94 39.77 40.60 41.37 41.99 42.62 43.24 43.71 44.20 44.69 45.06 45.42 45.79 46.11 46.36 46.62 46.88 47.04 47.22 47.39 47.51 47.60 47.70 47.78 47.81 47.84 47.87 47.87 
2.93 8.84 18.17 24.52 28.46 31.32 33.20 34.86 36.16 37.29 38.38 39.23 40.06 40.85 41.50 42.13 42.76 43.25 43.74 44.23 44.63 45.00 45.36 45.70 45.97 46.23 46.49 46.68 46.85 47.02 47.17 47.26 47.36 47.45 47.49 47.52 47.55 47.55 
1.96 7.88 17.20 23.63 27.71 30.59 32.56 34.22 35.58 36.71 37.84 38.70 39.53 40.36 41.01 41.64 42.28 42.80 43.28 43.77 44.21 44.58 44.94 45.31 45.58 45.84 46.10 46.32 46.49 46.66 46.83 46.93 47.02 47.12 47.18 47.21 47.24 47.24 
1.04 6.97 16.26 22.76 26.97 29.89 31.91 33.60 35.00 36.13 37.31 38.18 39.00 39.87 40.53 41.15 41.81 42.35 42.83 43.33 43.79 44.16 44.52 44.91 45.19 45.45 45.72 45.96 46.13 46.30 46.49 46.60 46.69 46.79 46.87 46.90 46.93 46.96 46.96 
0.12 6.04 15.32 21.89 26.22 29.20 31.27 32.98 34.43 35.58 36.76 37.66 38.49 39.36 40.04 40.68 41.34 41.90 42.38 42.89 43.37 43.74 44.11 44.50 44.80 45.06 45.34 45.60 45.77 45.95 46.14 46.26 46.36 46.46 46.56 46.59 46.62 46.65 46.65 
-0.83 5.11 14.37 21.04 25.48 28.49 30.63 32.37 33.85 35.02 36.20 37.13 37.98 38.85 39.55 40.20 40.86 41.44 41.94 42.44 42.95 43.32 43.70 44.09 44.41 44.68 44.96 45.24 45.42 45.60 45.79 45.93 46.03 46.13 46.24 46.28 46.31 46.34 46.34 
-1.76 4.17 13.43 20.18 24.76 27.79 30.00 31.75 33.28 34.47 35.65 36.62 37.48 38.34 39.08 39.73 40.39 40.99 41.50 42.00 42.51 42.91 43.29 43.68 44.02 44.30 44.58 44.86 45.06 45.25 45.43 45.60 45.70 45.81 45.91 45.97 46.00 46.03 46.04 
-2.64 3.30 12.54 19.36 24.06 27.11 29.39 31.15 32.73 33.93 35.10 36.11 36.98 37.84 38.61 39.27 39.92 40.56 41.07 41.57 42.08 42.51 42.89 43.27 43.65 43.93 44.20 44.49 44.71 44.90 45.08 45.27 45.38 45.48 45.58 45.66 45.70 45.73 45.76 45.76 
-3.50 2.45 11.67 18.53 23.37 26.43 28.78 30.55 32.18 33.39 34.57 35.61 36.48 37.35 38.14 38.81 39.46 40.12 40.64 41.14 41.66 42.10 42.48 42.87 43.27 43.55 43.83 44.12 44.36 44.55 44.73 44.93 45.05 45.15 45.26 45.36 45.39 45.42 45.46 45.46 
-4.35 1.60 10.79 17.71 22.66 25.77 28.17 29.96 31.63 32.85 34.04 35.11 35.98 36.87 37.68 38.34 39.01 39.69 40.20 40.71 41.23 41.69 42.08 42.47 42.88 43.17 43.45 43.74 44.01 44.20 44.39 44.59 44.72 44.83 44.94 45.05 45.09 45.12 45.15 45.15 
-5.21 0.74 9.91 16.89 21.96 25.11 27.56 29.38 31.09 32.33 33.52 34.61 35.50 36.38 37.21 37.89 38.55 39.24 39.77 40.29 40.81 41.29 41.68 42.08 42.48 42.79 43.08 43.38 43.66 43.85 44.04 44.24 44.40 44.51 44.62 44.73 44.78 44.81 44.85 44.85 
-6.08 -0.13 9.03 16.09 21.26 24.45 26.96 28.80 30.54 31.80 32.99 34.11 35.01 35.89 36.75 37.43 38.10 38.79 39.34 39.86 40.39 40.88 41.28 41.68 42.08 42.42 42.71 43.01 43.30 43.50 43.70 43.90 44.07 44.18 44.29 44.41 44.48 44.51 44.55 44.58 44.58 
-6.90 -0.94 8.21 15.32 20.60 23.80 26.38 28.23 30.01 31.29 32.47 33.63 34.54 35.41 36.30 36.99 37.66 38.34 38.92 39.45 39.96 40.49 40.89 41.29 41.69 42.05 42.34 42.64 42.94 43.16 43.35 43.55 43.75 43.86 43.97 44.08 44.17 44.21 44.24 44.28 44.28 
-7.69 -1.73 7.39 14.59 19.90 23.14 25.80 27.66 29.47 30.77 31.96 33.15 34.06 34.93 35.85 36.54 37.21 37.90 38.50 39.03 39.55 40.09 40.50 40.89 41.30 41.68 41.97 42.27 42.57 42.81 43.01 43.21 43.42 43.54 43.65 43.76 43.87 43.90 43.94 43.97 43.97 
-8.48 -2.52 6.58 13.85 19.20 22.49 25.22 27.10 28.92 30.25 31.45 32.67 33.59 34.47 35.39 36.10 36.77 37.47 38.08 38.61 39.14 39.68 40.10 40.50 40.92 41.31 41.60 41.90 42.21 42.46 42.66 42.87 43.08 43.21 43.32 43.44 43.56 43.60 43.63 43.67 43.67 
-9.27 -3.30 5.77 13.11 18.49 21.84 24.64 26.56 28.37 29.73 30.95 32.19 33.11 34.00 34.93 35.65 36.34 37.03 37.66 38.19 38.73 39.27 39.71 40.12 40.53 40.94 41.24 41.54 41.85 42.12 42.32 42.53 42.74 42.89 43.00 43.12 43.24 43.29 43.33 43.37 43.37 
-10.07 -4.10 4.96 12.39 17.79 21.20 24.06 26.01 27.82 29.23 30.45 31.71 32.65 33.54 34.46 35.21 35.90 36.59 37.24 37.78 38.32 38.86 39.32 39.73 40.14 40.56 40.87 41.18 41.49 41.77 41.98 42.19 42.40 42.56 42.68 42.80 42.92 42.99 43.02 43.06 43.10 43.10 
-10.83 -4.86 4.19 11.71 17.12 20.56 23.51 25.48 27.28 28.73 29.96 31.22 32.19 33.08 34.00 34.78 35.47 36.16 36.83 37.38 37.91 38.45 38.93 39.35 39.76 40.18 40.51 40.82 41.12 41.43 41.64 41.85 42.05 42.24 42.36 42.48 42.60 42.68 42.72 42.75 42.79 42.79 
-11.55 -5.58 3.44 11.02 16.47 19.94 22.96 24.95 26.75 28.23 29.46 30.74 31.73 32.63 33.55 34.35 35.04 35.73 36.42 36.97 37.50 38.05 38.54 38.96 39.37 39.80 40.14 40.45 40.76 41.08 41.29 41.50 41.71 41.91 42.03 42.15 42.28 42.37 42.41 42.45 42.49 42.49 
-12.28 -6.31 2.69 10.34 15.82 19.32 22.41 24.41 26.23 27.74 28.98 30.26 31.27 32.17 33.11 33.92 34.61 35.31 36.02 36.56 37.10 37.65 38.16 38.57 38.99 39.43 39.78 40.09 40.40 40.72 40.95 41.16 41.37 41.59 41.71 41.83 41.96 42.06 42.10 42.14 42.18 42.18 
-13.01 -7.03 1.94 9.65 15.16 18.73 21.83 23.88 25.71 27.24 28.50 29.78 30.81 31.73 32.66 33.48 34.19 34.89 35.61 36.16 36.70 37.25 37.77 38.19 38.62 39.05 39.41 39.73 40.04 40.37 40.60 40.82 41.04 41.26 41.38 41.51 41.63 41.75 41.79 41.83 41.87 41.87 
-13.74 -7.76 1.20 8.97 14.50 18.14 21.25 23.35 25.19 26.75 28.03 29.30 30.36 31.28 32.21 33.05 33.77 34.47 35.19 35.76 36.30 36.86 37.38 37.81 38.24 38.67 39.05 39.37 39.69 40.01 40.26 40.48 40.70 40.92 41.06 41.19 41.31 41.44 41.48 41.52 41.56 41.56 
-14.44 -8.46 0.49 8.33 13.87 17.56 20.69 22.84 24.68 26.28 27.56 28.83 29.91 30.84 31.77 32.63 33.35 34.05 34.77 35.36 35.91 36.46 37.00 37.44 37.86 38.29 38.69 39.01 39.33 39.65 39.92 40.14 40.36 40.58 40.73 40.86 40.99 41.12 41.17 41.21 41.25 41.29 41.29 
-15.10 -9.12 -0.19 7.71 13.27 16.99 20.15 22.33 24.18 25.81 27.09 28.37 29.47 30.40 31.34 32.21 32.94 33.64 34.36 34.96 35.51 36.06 36.62 37.06 37.48 37.92 38.32 38.65 38.97 39.29 39.57 39.79 40.01 40.24 40.40 40.53 40.66 40.79 40.85 40.89 40.93 40.98 40.98 
-15.76 -9.78 -0.86 7.08 12.67 16.42 19.60 21.81 23.68 25.34 26.63 27.92 29.03 29.97 30.91 31.80 32.52 33.23 33.96 34.56 35.11 35.67 36.24 36.68 37.10 37.54 37.96 38.28 38.60 38.94 39.23 39.45 39.67 39.90 40.07 40.20 40.33 40.46 40.53 40.58 40.62 40.66 40.66 
-16.42 -10.44 -1.54 6.45 12.07 15.86 19.06 21.30 23.19 24.87 26.17 27.46 28.59 29.54 30.48 31.38 32.10 32.82 33.55 34.17 34.72 35.28 35.85 36.30 36.73 37.17 37.60 37.92 38.25 38.58 38.88 39.10 39.33 39.56 39.74 39.87 40.00 40.13 40.22 40.26 40.30 40.34 40.34 
-17.08 -11.10 -2.19 5.80 11.44 15.31 18.52 20.81 22.70 24.39 25.72 27.01 28.15 29.11 30.05 30.96 31.70 32.41 33.14 33.77 34.33 34.89 35.46 35.92 36.36 36.80 37.23 37.56 37.89 38.22 38.53 38.76 38.99 39.22 39.41 39.54 39.68 39.81 39.90 39.94 39.99 40.03 40.03 
-17.72 -11.74 -2.81 5.19 10.84 14.78 17.99 20.32 22.22 23.94 25.27 26.56 27.72 28.68 29.62 30.55 31.29 32.01 32.74 33.38 33.95 34.51 35.08 35.55 35.99 36.43 36.87 37.21 37.54 37.87 38.19 38.42 38.65 38.87 39.08 39.21 39.35 39.48 39.58 39.62 39.67 39.71 39.71 
-18.31 -12.33 -3.39 4.61 10.27 14.25 17.49 19.84 21.74 23.49 24.83 26.11 27.30 28.26 29.20 30.15 30.89 31.60 32.34 32.99 33.56 34.12 34.69 35.17 35.61 36.05 36.50 36.84 37.17 37.50 37.84 38.07 38.29 38.52 38.74 38.87 39.01 39.14 39.25 39.29 39.34 39.38 39.38 
-18.91 -12.92 -3.98 4.03 9.71 13.73 16.99 19.36 21.28 23.05 24.38 25.68 26.87 27.84 28.78 29.74 30.48 31.20 31.94 32.60 33.17 33.73 34.31 34.79 35.23 35.68 36.13 36.48 36.81 37.15 37.48 37.72 37.94 38.18 38.40 38.53 38.67 38.80 38.92 38.96 39.01 39.05 39.05 
-19.50 -13.51 -4.56 3.44 9.15 13.21 16.49 18.88 20.81 22.60 23.95 25.24 26.45 27.42 28.37 29.33 30.08 30.80 31.54 32.21 32.78 33.35 33.93 34.42 34.86 35.31 35.76 36.12 36.45 36.79 37.13 37.37 37.60 37.83 38.06 38.20 38.33 38.47 38.59 38.64 38.68 38.72 38.72 
-20.09 -14.10 -5.15 2.86 8.59 12.70 15.99 18.41 20.35 22.15 23.51 24.81 26.03 27.01 27.96 28.93 29.68 30.41 31.14 31.82 32.39 32.96 33.54 34.04 34.49 34.94 35.39 35.75 36.09 36.43 36.77 37.02 37.25 37.48 37.72 37.86 37.99 38.13 38.26 38.31 38.35 38.40 38.40 
-20.67 -14.68 -5.71 2.30 8.04 12.20 15.50 17.96 19.90 21.72 23.09 24.38 25.61 26.60 27.55 28.53 29.28 30.01 30.75 31.43 32.01 32.58 33.16 33.67 34.12 34.57 35.02 35.40 35.73 36.07 36.41 36.67 36.90 37.14 37.38 37.52 37.66 37.79 37.93 37.98 38.02 38.07 38.07 
-21.19 -15.20 -6.22 1.79 7.53 11.73 15.03 17.51 19.46 21.29 22.67 23.96 25.20 26.19 27.14 28.13 28.89 29.62 30.35 31.05 31.63 32.20 32.78 33.29 33.74 34.19 34.65 35.03 35.37 35.70 36.05 36.31 36.54 36.78 37.02 37.17 37.30 37.44 37.58 37.63 37.68 37.72 37.72 
-21.71 -15.72 -6.74 1.28 7.03 11.25 14.57 17.07 19.02 20.87 22.24 23.54 24.80 25.79 26.74 27.73 28.49 29.22 29.96 30.66 31.24 31.81 32.40 32.92 33.37 33.82 34.28 34.66 35.00 35.34 35.69 35.95 36.18 36.42 36.66 36.82 36.95 37.09 37.23 37.29 37.33 37.38 37.42 37.42 
-22.23 -16.24 -7.25 0.76 6.53 10.78 14.11 16.62 18.59 20.45 21.83 23.13 24.39 25.38 26.34 27.33 28.10 28.83 29.57 30.28 30.86 31.43 32.02 32.54 32.99 33.45 33.91 34.29 34.63 34.98 35.32 35.59 35.83 36.07 36.31 36.46 36.60 36.74 36.88 36.94 36.99 37.03 37.08 37.08 
-22.75 -16.76 -7.77 0.25 6.03 10.31 13.65 16.18 18.15 20.02 21.41 22.72 23.98 24.98 25.94 26.93 27.71 28.44 29.19 29.89 30.48 31.05 31.64 32.16 32.62 33.08 33.54 33.92 34.27 34.61 34.96 35.23 35.47 35.71 35.95 36.11 36.25 36.39 36.54 36.60 36.64 36.69 36.73 36.73 
-23.26 -17.27 -8.31 -0.25 5.55 9.86 13.21 15.75 17.73 19.61 21.00 22.31 23.58 24.58 25.54 26.53 27.32 28.06 28.80 29.51 30.10 30.68 31.26 31.79 32.25 32.71 33.17 33.56 33.91 34.25 34.60 34.87 35.12 35.35 35.60 35.76 35.90 36.04 36.19 36.25 36.30 36.34 36.39 36.39 
-23.71 -17.72 -8.72 -0.70 5.10 9.43 12.78 15.34 17.32 19.21 20.60 21.91 23.19 24.19 25.15 26.14 26.93 27.67 28.41 29.13 29.72 30.29 30.88 31.41 31.87 32.33 32.79 33.18 33.53 33.88 34.22 34.50 34.74 34.98 35.23 35.39 35.53 35.68 35.82 35.88 35.93 35.98 36.02 36.02 
-24.16 -18.16 -9.16 -1.14 4.66 9.01 12.37 14.93 16.91 18.81 20.21 21.51 22.80 23.80 24.76 25.75 26.54 27.28 28.03 28.74 29.33 29.91 30.50 31.03 31.49 31.95 32.41 32.81 33.16 33.50 33.85 34.13 34.37 34.61 34.86 35.03 35.17 35.31 35.45 35.52 35.56 35.61 35.66 35.66 
-24.60 -18.61 -9.60 -1.58 4.23 8.59 11.95 14.52 16.51 18.41 19.81 21.12 22.40 23.41 24.37 25.36 26.16 26.90 27.64 28.36 28.95 29.53 30.12 30.65 31.11 31.57 32.03 32.43 32.78 33.13 33.48 33.76 34.00 34.24 34.49 34.66 34.80 34.94 35.08 35.15 35.20 35.25 35.29 35.29 
-25.05 -19.06 -10.05 -2.02 3.80 8.16 11.54 14.11 16.10 18.01 19.41 20.72 22.01 23.02 23.98 24.97 25.77 26.51 27.26 27.98 28.57 29.15 29.74 30.27 30.74 31.20 31.66 32.06 32.41 32.76 33.11 33.39 33.63 33.87 34.12 34.29 34.43 34.57 34.72 34.79 34.83 34.88 34.93 34.93 
-25.49 -19.50 -10.50 -2.46 3.37 7.75 11.13 13.71 15.71 17.61 19.02 20.33 21.62 22.63 23.59 24.59 25.39 26.13 26.88 27.60 28.19 28.77 29.36 29.90 30.36 30.82 31.28 31.69 32.04 32.38 32.73 33.02 33.26 33.50 33.75 33.92 34.07 34.21 34.35 34.42 34.47 34.52 34.56 34.56 
-25.86 -19.87 -10.86 -2.83 3.00 7.38 10.75 13.34 15.33 17.24 18.64 19.95 21.24 22.25 23.22 24.21 25.01 25.75 26.50 27.22 27.81 28.39 28.98 29.52 29.98 30.44 30.90 31.30 31.65 32.00 32.35 32.64 32.88 33.12 33.37 33.54 33.68 33.82 33.97 34.04 34.08 34.13 34.18 34.18 
-26.23 -20.24 -11.22 -3.19 2.63 7.01 10.38 12.97 14.96 16.86 18.27 19.58 20.87 21.88 22.84 23.83 24.63 25.37 26.12 26.84 27.43 28.01 28.60 29.13 29.60 30.06 30.52 30.92 31.27 31.62 31.97 32.25 32.49 32.74 32.98 33.15 33.29 33.44 33.58 33.65 33.70 33.74 33.79 33.79 
-26.60 -20.61 -11.59 -3.56 2.27 6.64 10.01 12.60 14.59 16.49 17.89 19.20 20.49 21.50 22.46 23.45 24.25 24.99 25.74 26.46 27.05 27.63 28.22 28.75 29.22 29.67 30.14 30.54 30.89 31.23 31.59 31.87 32.11 32.35 32.60 32.77 32.91 33.05 33.19 33.26 33.31 33.36 33.40 33.40 
-26.97 -20.97 -11.96 -3.93 1.90 6.27 9.64 12.22 14.21 16.11 17.52 18.83 20.11 21.12 22.08 23.08 23.87 24.62 25.36 26.08 26.67 27.25 27.84 28.37 28.83 29.29 29.75 30.15 30.50 30.85 31.20 31.48 31.73 31.97 32.21 32.38 32.52 32.67 32.81 32.88 32.92 32.97 33.01 33.02 
-27.34 -21.34 -12.33 -4.29 1.53 5.90 9.27 11.85 13.84 15.74 17.14 18.45 19.74 20.74 21.71 22.70 23.49 24.24 24.98 25.70 26.29 26.87 27.45 27.99 28.45 28.91 29.37 29.77 30.12 30.47 30.82 31.10 31.34 31.58 31.83 32.00 32.14 32.28 32.42 32.49 32.53 32.58 32.63 32.63 
-27.62 -21.63 -12.62 -4.58 1.25 5.59 8.96 11.52 13.51 15.40 16.80 18.11 19.38 20.39 21.35 22.34 23.13 23.87 24.62 25.33 25.92 26.50 27.09 27.61 28.08 28.53 29.00 29.39 29.74 30.09 30.44 30.71 30.95 31.20 31.44 31.60 31.75 31.89 32.03 32.09 32.14 32.18 32.23 32.23 
-27.90 -21.91 -12.90 -4.87 0.96 5.29 8.65 11.20 13.18 15.06 16.46 17.77 19.03 20.04 21.00 21.99 22.77 23.51 24.26 24.96 25.55 26.13 26.71 27.24 27.70 28.16 28.62 29.01 29.36 29.71 30.05 30.32 30.57 30.81 31.05 31.21 31.35 31.49 31.64 31.69 31.74 31.79 31.83 31.83 
-28.19 -22.19 -13.19 -5.15 0.67 4.98 8.33 10.87 12.85 14.72 16.11 17.42 18.68 19.69 20.64 21.63 22.41 23.15 23.89 24.59 25.18 25.76 26.34 26.86 27.33 27.78 28.24 28.63 28.98 29.32 29.67 29.94 30.18 30.42 30.66 30.82 30.96 31.10 31.24 31.30 31.34 31.39 31.43 31.43 
-28.47 -22.48 -13.47 -5.43 0.38 4.67 8.02 10.54 12.52 14.37 15.77 17.08 18.33 19.33 20.29 21.27 22.05 22.79 23.53 24.22 24.81 25.39 25.97 26.49 26.95 27.40 27.86 28.25 28.59 28.94 29.29 29.55 29.79 30.03 30.27 30.42 30.57 30.71 30.85 30.90 30.94 30.99 30.99 
-28.75 -22.76 -13.76 -5.71 0.10 4.36 7.70 10.21 12.19 14.03 15.42 16.73 17.98 18.97 19.93 20.92 21.69 22.42 23.16 23.85 24.44 25.02 25.60 26.11 26.57 27.03 27.49 27.86 28.21 28.55 28.90 29.16 29.40 29.64 29.88 30.03 30.17 30.31 30.45 30.50 30.54 30.59 30.59 
-28.95 -22.96 -13.97 -5.92 -0.11 4.11 7.45 9.93 11.90 13.73 15.11 16.42 17.66 18.65 19.61 20.58 21.35 22.08 22.82 23.51 24.09 24.67 25.25 25.75 26.21 26.66 27.12 27.49 27.84 28.18 28.53 28.78 29.02 29.26 29.50 29.64 29.78 29.92 30.05 30.10 30.15 30.19 30.19 
-29.14 -23.15 -14.16 -6.11 -0.31 3.88 7.20 9.66 11.63 13.44 14.81 16.12 17.34 18.33 19.29 20.25 21.01 21.75 22.49 23.16 23.74 24.32 24.90 25.40 25.85 26.31 26.76 27.13 27.47 27.81 28.16 28.40 28.64 28.88 29.11 29.25 29.39 29.53 29.66 29.70 29.75 29.80 29.80 
-29.32 -23.33 -14.35 -6.30 -0.51 3.64 6.95 9.39 11.35 13.14 14.52 15.82 17.02 18.01 18.97 19.92 20.68 21.41 22.15 22.82 23.40 23.97 24.55 25.04 25.50 25.95 26.40 26.76 27.10 27.44 27.78 28.02 28.26 28.50 28.72 28.87 29.01 29.14 29.26 29.31 29.35 29.40 29.40 
-29.50 -23.52 -14.53 -6.48 -0.71 3.40 6.70 9.12 11.07 12.84 14.21 15.51 16.71 17.69 18.64 19.59 20.35 21.08 21.81 22.47 23.05 23.62 24.20 24.69 25.14 25.58 26.04 26.39 26.73 27.07 27.40 27.65 27.88 28.12 28.34 28.48 28.62 28.75 28.86 28.91 28.96 29.00 29.00 
-29.69 -23.70 -14.73 -6.67 -0.91 3.16 6.45 8.84 10.78 12.55 13.90 15.20 16.39 17.37 18.32 19.26 20.01 20.74 21.47 22.13 22.70 23.27 23.85 24.33 24.78 25.22 25.68 26.02 26.36 26.70 27.03 27.27 27.50 27.74 27.95 28.09 28.23 28.36 28.47 28.51 28.56 28.60 28.60 
-29.80 -23.81 -14.85 -6.79 -1.04 2.97 6.26 8.62 10.56 12.29 13.64 14.94 16.11 17.08 18.03 18.96 19.70 20.43 21.17 21.80 22.38 22.95 23.52 23.99 24.44 24.89 25.33 25.67 26.01 26.35 26.66 26.90 27.14 27.37 27.57 27.71 27.85 27.99 28.08 28.13 28.17 28.22 28.22 
-29.87 -23.89 -14.93 -6.88 -1.14 2.83 6.09 8.42 10.35 12.05 13.39 14.69 15.84 16.81 17.76 18.67 19.41 20.14 20.87 21.50 22.07 22.64 23.20 23.66 24.11 24.56 24.99 25.33 25.67 26.00 26.31 26.55 26.78 27.01 27.20 27.34 27.48 27.62 27.70 27.74 27.79 27.83 27.83 
-29.95 -23.97 -15.02 -6.97 -1.25 2.67 5.91 8.21 10.13 11.81 13.15 14.44 15.57 16.54 17.48 18.38 19.12 19.84 20.57 21.19 21.76 22.32 22.88 23.34 23.79 24.23 24.65 24.99 25.32 25.66 25.95 26.19 26.42 26.65 26.83 26.97 27.11 27.24 27.32 27.36 27.41 27.45 27.45 
-30.03 -24.04 -15.09 -7.06 -1.37 2.51 5.74 8.01 9.90 11.57 12.89 14.19 15.31 16.26 17.20 18.09 18.83 19.54 20.27 20.88 21.44 22.00 22.56 23.01 23.45 23.89 24.31 24.65 24.98 25.31 25.60 25.83 26.06 26.29 26.46 26.60 26.74 26.87 26.93 26.98 27.02 27.07 27.07 
-30.10 -24.12 -15.15 -7.16 -1.48 2.34 5.56 7.79 9.68 11.33 12.64 13.93 15.03 15.98 16.92 17.80 18.53 19.24 19.97 20.56 21.12 21.68 22.23 22.68 23.12 23.56 23.97 24.30 24.63 24.96 25.24 25.47 25.70 25.93 26.09 26.23 26.36 26.50 26.55 26.60 26.64 26.64 
-30.11 -24.13 -15.15 -7.22 -1.54 2.23 5.44 7.63 9.51 11.12 12.42 13.72 14.80 15.74 16.68 17.53 18.26 18.97 19.70 20.28 20.84 21.40 21.93 22.38 22.81 23.26 23.64 23.98 24.31 24.64 24.90 25.13 25.36 25.59 25.74 25.87 26.01 26.14 26.18 26.23 26.27 26.27 
-30.07 -24.09 -15.09 -7.22 -1.56 2.17 5.35 7.50 9.37 10.95 12.25 13.53 14.59 15.53 16.46 17.30 18.02 18.73 19.44 20.02 20.57 21.13 21.65 22.09 22.53 22.97 23.34 23.68 24.01 24.33 24.58 24.81 25.04 25.27 25.40 25.54 25.67 25.78 25.83 25.87 25.92 25.92 
-30.03 -24.05 -15.03 -7.21 -1.59 2.11 5.26 7.37 9.23 10.78 12.06 13.34 14.38 15.31 16.24 17.06 17.78 18.48 19.18 19.75 20.31 20.86 21.37 21.81 22.24 22.68 23.04 23.37 23.70 24.02 24.26 24.49 24.72 24.93 25.06 25.20 25.33 25.43 25.47 25.52 25.56 25.56 
-29.99 -24.01 -14.97 -7.21 -1.61 2.03 5.16 7.23 9.07 10.60 11.87 13.15 14.17 15.09 16.02 16.82 17.53 18.23 18.92 19.49 20.04 20.59 21.08 21.52 21.95 22.38 22.74 23.07 23.39 23.71 23.94 24.17 24.39 24.59 24.73 24.86 24.99 25.08 25.12 25.16 25.20 25.21 
-29.94 -23.97 -14.91 -7.21 -1.63 1.96 5.04 7.08 8.92 10.42 11.68 12.96 13.95 14.86 15.79 16.58 17.28 17.98 18.66 19.22 19.76 20.32 20.80 21.23 21.66 22.09 22.43 22.76 23.08 23.39 23.62 23.84 24.06 24.25 24.38 24.51 24.65 24.72 24.76 24.81 24.85 24.85 
-29.84 -23.87 -14.79 -7.17 -1.60 1.95 4.95 6.97 8.82 10.27 11.52 12.80 13.76 14.67 15.60 16.36 17.06 17.77 18.42 18.98 19.52 20.07 20.54 20.97 21.39 21.82 22.15 22.47 22.79 23.09 23.31 23.53 23.76 23.93 24.06 24.19 24.32 24.38 24.42 24.47 24.47 
-29.68 -23.71 -14.61 -7.06 -1.52 2.00 4.92 6.92 8.76 10.17 11.42 12.66 13.62 14.53 15.45 16.19 16.89 17.59 18.22 18.77 19.32 19.86 20.31 20.74 21.16 21.57 21.90 22.22 22.54 22.81 23.04 23.26 23.48 23.64 23.77 23.90 24.02 24.07 24.11 24.15 24.15 
-29.51 -23.54 -14.42 -6.94 -1.45 2.05 4.88 6.86 8.69 10.08 11.31 12.52 13.47 14.37 15.29 16.01 16.71 17.40 18.02 18.57 19.10 19.64 20.08 20.51 20.93 21.32 21.64 21.96 22.28 22.54 22.76 22.98 23.20 23.34 23.47 23.60 23.71 23.75 23.80 23.84 23.84 
-29.34 -23.37 -14.23 -6.82 -1.36 2.08 4.84 6.79 8.62 9.98 11.19 12.38 13.33 14.22 15.12 15.84 16.52 17.21 17.81 18.36 18.89 19.42 19.85 20.27 20.69 21.07 21.39 21.70 22.02 22.27 22.49 22.70 22.91 23.05 23.17 23.30 23.40 23.44 23.48 23.52 23.52 
-29.17 -23.20 -14.05 -6.72 -1.27 2.10 4.81 6.72 8.54 9.86 11.07 12.24 13.17 14.06 14.94 15.65 16.33 17.02 17.61 18.14 18.67 19.19 19.62 20.03 20.45 20.82 21.13 21.44 21.76 21.99 22.21 22.42 22.62 22.75 22.87 23.00 23.08 23.12 23.17 23.21 23.21 
-28.95 -22.98 -13.81 -6.57 -1.16 2.17 4.79 6.69 8.48 9.77 10.99 12.12 13.04 13.93 14.79 15.49 16.16 16.85 17.42 17.95 18.48 18.98 19.40 19.81 20.23 20.58 20.89 21.20 21.51 21.73 21.94 22.16 22.34 22.47 22.59 22.72 22.78 22.82 22.86 22.86 
-28.65 -22.69 -13.49 -6.30 -1.03 2.30 4.85 6.74 8.47 9.75 10.97 12.06 12.97 13.87 14.69 15.38 16.06 16.74 17.28 17.81 18.34 18.82 19.23 19.65 20.06 20.39 20.70 21.01 21.29 21.51 21.73 21.94 22.10 22.23 22.35 22.47 22.52 22.56 22.60 22.60 
-28.35 -22.40 -13.18 -6.03 -0.88 2.41 4.90 6.78 8.45 9.73 10.93 12.00 12.91 13.78 14.59 15.28 15.95 16.60 17.14 17.67 18.19 18.65 19.07 19.48 19.88 20.20 20.51 20.81 21.08 21.30 21.51 21.72 21.86 21.99 22.11 22.22 22.26 22.30 22.34 22.34 
-28.06 -22.10 -12.86 -5.76 -0.72 2.51 4.95 6.80 8.44 9.70 10.89 11.94 12.83 13.70 14.48 15.17 15.83 16.47 17.01 17.52 18.04 18.49 18.90 19.30 19.69 20.01 20.31 20.61 20.86 21.08 21.28 21.49 21.62 21.74 21.86 21.95 21.99 22.03 22.07 22.07 
-27.74 -21.79 -12.54 -5.52 -0.58 2.62 5.00 6.82 8.43 9.66 10.85 11.87 12.74 13.62 14.38 15.05 15.71 16.33 16.86 17.37 17.89 18.32 18.72 19.13 19.50 19.81 20.11 20.41 20.65 20.85 21.06 21.25 21.38 21.50 21.62 21.69 21.73 21.77 21.81 21.81 
-27.39 -21.44 -12.18 -5.23 -0.42 2.77 5.07 6.88 8.44 9.65 10.85 11.82 12.69 13.56 14.29 14.95 15.62 16.22 16.73 17.25 17.76 18.17 18.57 18.97 19.32 19.63 19.93 20.23 20.44 20.65 20.86 21.03 21.15 21.27 21.39 21.44 21.48 21.52 21.52 
-26.95 -21.01 -11.72 -4.83 -0.16 3.00 5.23 7.03 8.52 9.73 10.91 11.85 12.71 13.57 14.28 14.93 15.59 16.16 16.68 17.19 17.68 18.08 18.48 18.88 19.21 19.51 19.81 20.09 20.30 20.50 20.71 20.86 20.98 21.10 21.21 21.25 21.29 21.33 21.33 
-26.52 -20.57 -11.27 -4.43 0.11 3.21 5.38 7.15 8.60 9.80 10.96 11.88 12.73 13.58 14.26 14.91 15.55 16.11 16.62 17.12 17.59 18.00 18.39 18.78 19.09 19.39 19.68 19.94 20.15 20.36 20.56 20.69 20.81 20.92 21.01 21.05 21.09 21.13 21.13 
-26.06 -20.13 -10.81 -4.06 0.37 3.42 5.54 7.27 8.69 9.85 11.00 11.90 12.73 13.56 14.24 14.87 15.52 16.06 16.56 17.05 17.51 17.90 18.29 18.67 18.98 19.27 19.56 19.80 20.00 20.20 20.39 20.52 20.63 20.75 20.82 20.85 20.89 20.89 
-25.61 -19.67 -10.35 -3.70 0.60 3.63 5.66 7.38 8.76 9.91 11.03 11.90 12.73 13.55 14.20 14.84 15.48 15.99 16.48 16.98 17.42 17.80 18.19 18.56 18.85 19.14 19.43 19.65 19.85 20.05 20.22 20.34 20.45 20.57 20.62 20.66 20.69 20.69 
-25.09 -19.16 -9.82 -3.25 0.90 3.91 5.86 7.57 8.88 10.02 11.11 11.96 12.80 13.57 14.22 14.85 15.47 15.97 16.46 16.96 17.36 17.75 18.14 18.48 18.77 19.05 19.34 19.54 19.74 19.94 20.08 20.20 20.31 20.42 20.45 20.49 20.53 20.53 
-24.50 -18.57 -9.22 -2.71 1.30 4.24 6.14 7.81 9.07 10.22 11.25 12.10 12.92 13.66 14.30 14.93 15.52 16.01 16.51 16.98 17.37 17.76 18.14 18.45 18.74 19.03 19.28 19.49 19.68 19.88 20.00 20.12 20.23 20.31 20.34 20.38 20.38 
-23.89 -17.97 -8.61 -2.20 1.69 4.57 6.41 8.05 9.27 10.38 11.38 12.23 13.04 13.75 14.39 15.00 15.56 16.06 16.54 17.00 17.39 17.76 18.13 18.43 18.72 19.00 19.23 19.43 19.62 19.80 19.92 20.03 20.14 20.19 20.23 20.27 20.27 
-23.27 -17.35 -7.99 -1.71 2.07 4.86 6.65 8.27 9.45 10.55 11.52 12.34 13.14 13.84 14.45 15.07 15.61 16.09 16.56 17.01 17.39 17.76 18.12 18.41 18.68 18.96 19.18 19.37 19.56 19.72 19.83 19.94 20.05 20.08 20.12 20.15 20.15 
-22.65 -16.75 -7.39 -1.20 2.44 5.14 6.89 8.47 9.61 10.71 11.64 12.45 13.26 13.91 14.52 15.13 15.65 16.12 16.59 17.01 17.38 17.75 18.10 18.37 18.65 18.92 19.12 19.31 19.50 19.63 19.74 19.85 19.93 19.97 20.01 20.01 
-21.90 -15.99 -6.62 -0.52 3.00 5.55 7.29 8.79 9.92 11.02 11.89 12.69 13.49 14.11 14.71 15.31 15.80 16.27 16.74 17.13 17.49 17.86 18.17 18.45 18.72 18.97 19.16 19.35 19.53 19.64 19.75 19.86 19.91 19.95 19.99 19.99 
-21.10 -15.20 -5.82 0.14 3.57 5.99 7.70 9.13 10.26 11.32 12.17 12.96 13.71 14.33 14.93 15.50 15.97 16.44 16.89 17.26 17.63 17.98 18.27 18.55 18.81 19.03 19.22 19.41 19.56 19.67 19.78 19.88 19.92 19.95 19.99 19.99 
-20.29 -14.39 -5.03 0.80 4.10 6.43 8.09 9.48 10.57 11.62 12.45 13.21 13.93 14.54 15.12 15.67 16.15 16.60 17.03 17.40 17.75 18.10 18.38 18.64 18.90 19.10 19.28 19.46 19.60 19.70 19.81 19.88 19.92 19.95 19.95 
-19.48 -13.60 -4.25 1.47 4.62 6.84 8.47 9.81 10.88 11.90 12.69 13.45 14.15 14.74 15.32 15.85 16.30 16.75 17.17 17.52 17.87 18.20 18.46 18.72 18.98 19.16 19.34 19.52 19.63 19.73 19.83 19.89 19.92 19.95 19.95 
-18.54 -12.66 -3.31 2.28 5.30 7.39 9.00 10.26 11.32 12.29 13.06 13.83 14.47 15.05 15.63 16.12 16.57 17.02 17.40 17.74 18.10 18.39 18.65 18.91 19.13 19.31 19.49 19.64 19.75 19.85 19.94 19.97 20.01 20.04 20.04 
-17.49 -11.61 -2.30 3.13 6.05 8.02 9.59 10.79 11.83 12.75 13.52 14.25 14.87 15.45 16.01 16.47 16.91 17.34 17.70 18.05 18.38 18.65 18.91 19.16 19.36 19.54 19.71 19.83 19.94 20.03 20.10 20.13 20.16 20.16 
-16.37 -10.51 -1.31 3.91 6.74 8.64 10.16 11.32 12.32 13.21 13.95 14.68 15.27 15.82 16.36 16.82 17.24 17.65 18.01 18.33 18.66 18.92 19.16 19.40 19.58 19.75 19.92 20.02 20.12 20.22 20.25 20.29 20.32 20.32 
-15.27 -9.41 -0.32 4.67 7.44 9.23 10.74 11.82 12.81 13.65 14.37 15.08 15.65 16.19 16.71 17.14 17.56 17.96 18.29 18.62 18.92 19.16 19.41 19.63 19.80 19.96 20.11 20.20 20.30 20.38 20.41 20.44 20.44 
-13.91 -8.03 0.93 5.63 8.35 10.04 11.48 12.52 13.50 14.27 14.99 15.65 16.20 16.74 17.21 17.64 18.06 18.41 18.74 19.07 19.33 19.57 19.81 20.00 20.16 20.33 20.44 20.53 20.63 20.67 20.70 20.73 20.73 
-12.52 -6.63 2.20 6.65 9.28 10.91 12.25 13.26 14.21 14.95 15.64 16.26 16.81 17.33 17.77 18.19 18.59 18.93 19.24 19.55 19.80 20.03 20.25 20.42 20.58 20.72 20.82 20.91 20.99 21.02 21.05 21.05 
-11.14 -5.28 3.42 7.65 10.18 11.71 13.00 13.97 14.89 15.60 16.28 16.87 17.39 17.90 18.32 18.72 19.10 19.42 19.73 20.02 20.25 20.48 20.67 20.83 20.99 21.11 21.20 21.29 21.33 21.36 21.39 21.39 
-9.63 -3.72 4.83 8.77 11.15 12.64 13.84 14.80 15.65 16.34 17.02 17.55 18.06 18.54 18.94 19.34 19.68 19.99 20.30 20.55 20.77 21.00 21.16 21.32 21.46 21.55 21.64 21.72 21.75 21.78 21.78 
-4.70 -4.57 2.73 8.67 11.38 13.04 14.38 15.35 16.24 16.93 17.59 18.16 18.67 19.15 19.55 19.94 20.28 20.59 20.89 21.14 21.37 21.58 21.74 21.90 22.04 22.13 22.21 22.28 22.31 22.34 22.34 
-3.07 -2.72 4.53 10.03 12.60 14.16 15.41 16.34 17.19 17.85 18.49 19.02 19.51 19.96 20.34 20.72 21.04 21.33 21.62 21.84 22.05 22.25 22.40 22.54 22.66 22.74 22.82 22.86 22.89 22.89 
0.84 5.81 11.18 13.72 15.21 16.40 17.31 18.12 18.76 19.39 19.88 20.36 20.78 21.16 21.52 21.81 22.10 22.36 22.57 22.78 22.95 23.09 23.23 23.31 23.40 23.46 23.49 23.51 23.51 
2.67 7.59 12.76 15.18 16.60 17.71 18.59 19.33 19.97 20.54 21.03 21.48 21.87 22.23 22.56 22.84 23.11 23.34 23.55 23.74 23.88 24.02 24.12 24.20 24.28 24.31 24.34 24.34 
4.55 9.42 14.35 16.61 17.95 19.00 19.84 20.54 21.14 21.69 22.14 22.58 22.94 23.28 23.59 23.85 24.11 24.31 24.51 24.67 24.80 24.93 25.01 25.09 25.14 25.16 25.18 25.18 
6.63 11.39 16.07 18.17 19.47 20.42 21.25 21.88 22.48 22.96 23.41 23.80 24.15 24.48 24.75 25.01 25.23 25.42 25.60 25.74 25.87 25.96 26.03 26.10 26.12 26.15 26.15 
8.86 13.51 17.96 19.91 21.15 22.05 22.82 23.42 23.98 24.43 24.85 25.22 25.54 25.84 26.10 26.34 26.54 26.72 26.86 26.99 27.10 27.17 27.24 27.27 27.29 27.29 
11.11 15.64 19.82 21.62 22.82 23.63 24.35 24.92 25.44 25.86 26.27 26.60 26.92 27.18 27.42 27.63 27.81 27.98 28.10 28.22 28.30 28.36 28.41 28.43 28.43 
13.71 18.11 22.06 23.71 24.81 25.58 26.24 26.78 27.25 27.66 28.02 28.34 28.62 28.87 29.09 29.27 29.44 29.57 29.68 29.77 29.84 29.89 29.91 29.91 
16.32 20.59 24.27 25.78 26.80 27.53 28.13 28.65 29.07 29.46 29.78 30.08 30.33 30.56 30.76 30.92 31.07 31.18 31.27 31.34 31.39 31.41 31.43 31.43 
18.90 23.05 26.51 27.89 28.81 29.52 30.06 30.55 30.94 31.30 31.59 31.87 32.10 32.30 32.47 32.62 32.74 32.84 32.90 32.96 32.98 33.00 33.00 
21.61 25.64 28.85 30.11 30.95 31.61 32.11 32.56 32.93 33.25 33.53 33.77 33.98 34.16 34.31 34.43 34.54 34.61 34.66 34.69 34.71 34.71 
24.46 28.35 31.34 32.47 33.22 33.81 34.30 34.68 35.04 35.32 35.58 35.79 35.98 36.13 36.26 36.36 36.43 36.49 36.52 36.54 36.54 
27.54 31.30 34.02 35.04 35.70 36.24 36.69 37.04 37.35 37.61 37.83 38.03 38.18 38.31 38.41 38.49 38.54 38.57 38.59 38.59 
30.80 34.43 36.81 37.72 38.35 38.81 39.20 39.54 39.80 40.03 40.23 40.38 40.52 40.61 40.69 40.74 40.76 40.76 
33.92 37.44 39.53 40.33 40.90 41.33 41.66 41.96 42.20 42.39 42.56 42.70 42.79 42.86 42.91 42.93 42.93 
37.27 40.60 42.46 43.15 43.64 44.03 44.34 44.58 44.78 44.95 45.08 45.17 45.23 45.28 45.29 45.29 
40.41 43.58 45.23 45.83 46.24 46.56 46.83 47.04 47.20 47.33 47.42 47.48 47.51 47.51 
43.44 46.47 47.93 48.40 48.76 49.03 49.25 49.42 49.55 49.63 49.68 49.70 49.70 
46.59 49.51 50.70 51.08 51.37 51.58 51.74 51.86 51.93 51.96 51.96 
50.06 52.80 53.81 54.08 54.27 54.40 54.49 54.53 54.52 
52.07 54.71 55.69 55.86 56.01 56.08 56.10 56.10 
51.99 54.56 58.16 58.54 58.67 58.66 
55.05 55.05 
